600000 	0.000000
600010 	0.000000
600015 	0.000000
600016 	0.000000
600018 	0.000000
600028 	0.000000
600030 	0.000000
600036 	0.000000
600048 	0.000000
600050 	0.000000
600089 	0.000000
600104 	0.000000
600109 	0.000000
600111 	0.000000
600150 	0.000000
600256 	0.000000
600406 	0.000000
600518 	0.000000
600519 	0.000000
600583 	0.000000
600585 	0.000000
600637 	0.000000
600690 	0.000000
600837 	0.000000
600887 	0.000000
600893 	0.000000
600958 	0.000000
600999 	0.000000
601006 	0.000000
601088 	0.000000
601166 	0.000000
601169 	0.000000
601186 	0.000000
601288 	0.000000
601318 	0.000000
601328 	0.000000
601390 	0.000000
601398 	0.000000
601601 	0.000000
601628 	0.000000
601668 	0.000000
601688 	0.000000
601766 	0.000000
601800 	0.000000
601818 	0.000000
601857 	0.000000
601901 	0.000000
601988 	0.000000
601989 	0.000000
601998 	0.000000
