000001 	1.000000	0.57819	hs300
000002 	1.000000	0.57819	hs300
000009 	1.000000	0.57819	hs300
000027 	1.000000	0.57819	hs300
000039 	1.000000	0.57819	hs300
000060 	1.000000	0.57819	hs300
000061 	1.000000	0.57819	hs300
000063 	1.000000	0.57819	hs300
000069 	1.000000	0.57819	hs300
000100 	1.000000	0.57819	hs300
000156 	1.000000	0.57819	hs300
000157 	1.000000	0.57819	hs300
000166 	1.000000	0.57819	hs300
000333 	1.000000	0.57819	hs300
000338 	1.000000	0.57819	hs300
000400 	1.000000	0.57819	hs300
000402 	1.000000	0.57819	hs300
000413 	1.000000	0.57819	hs300
000423 	1.000000	0.57819	hs300
000425 	1.000000	0.57819	hs300
000503 	1.000000	0.57819	hs300
000538 	1.000000	0.57819	hs300
000559 	1.000000	0.57819	hs300
000568 	1.000000	0.57819	hs300
000581 	1.000000	0.57819	hs300
000598 	1.000000	0.57819	hs300
000623 	1.000000	0.57819	hs300
000625 	1.000000	0.57819	hs300
000629 	1.000000	0.57819	hs300
000651 	1.000000	0.57819	hs300
000686 	1.000000	0.57819	hs300
000709 	1.000000	0.57819	hs300
000725 	1.000000	0.57819	hs300
000728 	1.000000	0.57819	hs300
000729 	1.000000	0.57819	hs300
000738 	1.000000	0.57819	hs300
000750 	1.000000	0.57819	hs300
000768 	1.000000	0.57819	hs300
000776 	1.000000	0.57819	hs300
000778 	-0.203242	0.57819	hs300
000783 	1.000000	0.57819	hs300
000792 	1.000000	0.57819	hs300
000800 	1.000000	0.57819	hs300
000825 	1.000000	0.57819	hs300
000826 	1.000000	0.57819	hs300
000831 	1.000000	0.57819	hs300
000839 	-1.000000	0.57819	hs300
000858 	1.000000	0.57819	hs300
000876 	1.000000	0.57819	hs300
000878 	0.548578	0.57819	hs300
000883 	1.000000	0.57819	hs300
000895 	1.000000	0.57819	hs300
000898 	1.000000	0.57819	hs300
000937 	1.000000	0.57819	hs300
000960 	1.000000	0.57819	hs300
000963 	-1.000000	0.57819	hs300
000970 	1.000000	0.57819	hs300
000983 	1.000000	0.57819	hs300
000999 	1.000000	0.57819	hs300
002001 	1.000000	0.57819	hs300
002007 	1.000000	0.57819	hs300
002008 	1.000000	0.57819	hs300
002024 	1.000000	0.57819	hs300
002038 	1.000000	0.57819	hs300
002051 	1.000000	0.57819	hs300
002065 	1.000000	0.57819	hs300
002081 	1.000000	0.57819	hs300
002129 	1.000000	0.57819	hs300
002142 	-1.000000	0.57819	hs300
002146 	1.000000	0.57819	hs300
002153 	1.000000	0.57819	hs300
002202 	1.000000	0.57819	hs300
002230 	1.000000	0.57819	hs300
002236 	1.000000	0.57819	hs300
002241 	1.000000	0.57819	hs300
002252 	1.000000	0.57819	hs300
002294 	1.000000	0.57819	hs300
002304 	1.000000	0.57819	hs300
002344 	1.000000	0.57819	hs300
002375 	-0.463597	0.57819	hs300
002385 	1.000000	0.57819	hs300
002399 	1.000000	0.57819	hs300
002410 	1.000000	0.57819	hs300
002415 	1.000000	0.57819	hs300
002422 	1.000000	0.57819	hs300
002450 	1.000000	0.57819	hs300
002456 	1.000000	0.57819	hs300
002465 	1.000000	0.57819	hs300
002470 	1.000000	0.57819	hs300
002475 	1.000000	0.57819	hs300
002500 	1.000000	0.57819	hs300
002570 	1.000000	0.57819	hs300
002594 	1.000000	0.57819	hs300
002653 	1.000000	0.57819	hs300
002673 	1.000000	0.57819	hs300
300003 	1.000000	0.57819	hs300
300015 	1.000000	0.57819	hs300
300017 	1.000000	0.57819	hs300
300024 	1.000000	0.57819	hs300
300027 	1.000000	0.57819	hs300
300058 	1.000000	0.57819	hs300
300070 	1.000000	0.57819	hs300
300124 	1.000000	0.57819	hs300
300133 	1.000000	0.57819	hs300
300146 	1.000000	0.57819	hs300
300251 	1.000000	0.57819	hs300
600000 	1.000000	0.57819	hs300
600008 	1.000000	0.57819	hs300
600009 	1.000000	0.57819	hs300
600010 	1.000000	0.57819	hs300
600011 	1.000000	0.57819	hs300
600015 	1.000000	0.57819	hs300
600016 	1.000000	0.57819	hs300
600018 	1.000000	0.57819	hs300
600019 	1.000000	0.57819	hs300
600023 	1.000000	0.57819	hs300
600027 	1.000000	0.57819	hs300
600028 	1.000000	0.57819	hs300
600029 	1.000000	0.57819	hs300
600030 	1.000000	0.57819	hs300
600031 	1.000000	0.57819	hs300
600036 	1.000000	0.57819	hs300
600038 	1.000000	0.57819	hs300
600048 	1.000000	0.57819	hs300
600050 	1.000000	0.57819	hs300
600060 	1.000000	0.57819	hs300
600066 	1.000000	0.57819	hs300
600068 	1.000000	0.57819	hs300
600085 	1.000000	0.57819	hs300
600089 	1.000000	0.57819	hs300
600100 	1.000000	0.57819	hs300
600104 	1.000000	0.57819	hs300
600108 	1.000000	0.57819	hs300
600109 	1.000000	0.57819	hs300
600111 	1.000000	0.57819	hs300
600115 	1.000000	0.57819	hs300
600118 	1.000000	0.57819	hs300
600150 	1.000000	0.57819	hs300
600153 	-1.000000	0.57819	hs300
600157 	1.000000	0.57819	hs300
600166 	1.000000	0.57819	hs300
600170 	1.000000	0.57819	hs300
600177 	1.000000	0.57819	hs300
600188 	1.000000	0.57819	hs300
600196 	1.000000	0.57819	hs300
600208 	1.000000	0.57819	hs300
600221 	1.000000	0.57819	hs300
600252 	1.000000	0.57819	hs300
600256 	1.000000	0.57819	hs300
600271 	1.000000	0.57819	hs300
600276 	1.000000	0.57819	hs300
600309 	1.000000	0.57819	hs300
600315 	1.000000	0.57819	hs300
600316 	1.000000	0.57819	hs300
600332 	1.000000	0.57819	hs300
600340 	1.000000	0.57819	hs300
600348 	1.000000	0.57819	hs300
600352 	1.000000	0.57819	hs300
600362 	1.000000	0.57819	hs300
600369 	1.000000	0.57819	hs300
600372 	1.000000	0.57819	hs300
600373 	1.000000	0.57819	hs300
600383 	1.000000	0.57819	hs300
600398 	1.000000	0.57819	hs300
600406 	1.000000	0.57819	hs300
600415 	1.000000	0.57819	hs300
600485 	1.000000	0.57819	hs300
600489 	1.000000	0.57819	hs300
600497 	1.000000	0.57819	hs300
600516 	1.000000	0.57819	hs300
600518 	1.000000	0.57819	hs300
600519 	1.000000	0.57819	hs300
600535 	1.000000	0.57819	hs300
600547 	1.000000	0.57819	hs300
600549 	1.000000	0.57819	hs300
600570 	1.000000	0.57819	hs300
600578 	1.000000	0.57819	hs300
600583 	1.000000	0.57819	hs300
600585 	1.000000	0.57819	hs300
600588 	1.000000	0.57819	hs300
600597 	1.000000	0.57819	hs300
600600 	1.000000	0.57819	hs300
600633 	1.000000	0.57819	hs300
600637 	1.000000	0.57819	hs300
600642 	1.000000	0.57819	hs300
600648 	1.000000	0.57819	hs300
600649 	-0.074923	0.57819	hs300
600660 	1.000000	0.57819	hs300
600663 	1.000000	0.57819	hs300
600674 	1.000000	0.57819	hs300
600688 	1.000000	0.57819	hs300
600690 	1.000000	0.57819	hs300
600703 	1.000000	0.57819	hs300
600705 	1.000000	0.57819	hs300
600718 	1.000000	0.57819	hs300
600739 	1.000000	0.57819	hs300
600741 	1.000000	0.57819	hs300
600783 	1.000000	0.57819	hs300
600795 	1.000000	0.57819	hs300
600804 	1.000000	0.57819	hs300
600809 	1.000000	0.57819	hs300
600827 	1.000000	0.57819	hs300
600837 	1.000000	0.57819	hs300
600839 	1.000000	0.57819	hs300
600863 	1.000000	0.57819	hs300
600867 	1.000000	0.57819	hs300
600873 	1.000000	0.57819	hs300
600875 	1.000000	0.57819	hs300
600886 	-1.000000	0.57819	hs300
600887 	1.000000	0.57819	hs300
600893 	1.000000	0.57819	hs300
600900 	-0.142753	0.57819	hs300
600998 	1.000000	0.57819	hs300
600999 	1.000000	0.57819	hs300
601006 	1.000000	0.57819	hs300
601009 	1.000000	0.57819	hs300
601018 	1.000000	0.57819	hs300
601088 	1.000000	0.57819	hs300
601098 	1.000000	0.57819	hs300
601111 	1.000000	0.57819	hs300
601117 	1.000000	0.57819	hs300
601118 	1.000000	0.57819	hs300
601158 	1.000000	0.57819	hs300
601166 	1.000000	0.57819	hs300
601168 	1.000000	0.57819	hs300
601169 	1.000000	0.57819	hs300
601179 	1.000000	0.57819	hs300
601186 	1.000000	0.57819	hs300
601216 	-1.000000	0.57819	hs300
601225 	1.000000	0.57819	hs300
601231 	-1.000000	0.57819	hs300
601258 	1.000000	0.57819	hs300
601288 	1.000000	0.57819	hs300
601318 	1.000000	0.57819	hs300
601328 	1.000000	0.57819	hs300
601333 	1.000000	0.57819	hs300
601336 	1.000000	0.57819	hs300
601377 	1.000000	0.57819	hs300
601390 	1.000000	0.57819	hs300
601398 	1.000000	0.57819	hs300
601555 	1.000000	0.57819	hs300
601600 	1.000000	0.57819	hs300
601601 	1.000000	0.57819	hs300
601607 	1.000000	0.57819	hs300
601618 	1.000000	0.57819	hs300
601628 	1.000000	0.57819	hs300
601633 	-1.000000	0.57819	hs300
601668 	1.000000	0.57819	hs300
601669 	1.000000	0.57819	hs300
601688 	1.000000	0.57819	hs300
601699 	1.000000	0.57819	hs300
601727 	1.000000	0.57819	hs300
601766 	1.000000	0.57819	hs300
601800 	1.000000	0.57819	hs300
601808 	1.000000	0.57819	hs300
601818 	1.000000	0.57819	hs300
601857 	1.000000	0.57819	hs300
601866 	-1.000000	0.57819	hs300
601888 	1.000000	0.57819	hs300
601898 	1.000000	0.57819	hs300
601899 	1.000000	0.57819	hs300
601901 	1.000000	0.57819	hs300
601928 	1.000000	0.57819	hs300
601929 	1.000000	0.57819	hs300
601933 	1.000000	0.57819	hs300
601939 	-1.000000	0.57819	hs300
601958 	1.000000	0.57819	hs300
601988 	1.000000	0.57819	hs300
601989 	1.000000	0.57819	hs300
601992 	1.000000	0.57819	hs300
601998 	1.000000	0.57819	hs300
603000 	1.000000	0.57819	hs300
603288 	1.000000	0.57819	hs300
603993 	1.000000	0.57819	hs300
