000001 	1.000000
000002 	1.000000
000009 	1.000000
000027 	1.000000
000039 	1.000000
000060 	1.000000
000061 	1.000000
000063 	1.000000
000069 	1.000000
000100 	1.000000
000156 	1.000000
000157 	1.000000
000166 	1.000000
000333 	1.000000
000338 	1.000000
000400 	1.000000
000402 	1.000000
000413 	1.000000
000423 	1.000000
000425 	1.000000
000503 	1.000000
000538 	1.000000
000559 	1.000000
000568 	1.000000
000581 	1.000000
000598 	1.000000
000623 	1.000000
000625 	1.000000
000629 	1.000000
000651 	1.000000
000686 	1.000000
000709 	1.000000
000725 	1.000000
000728 	1.000000
000729 	1.000000
000738 	1.000000
000750 	1.000000
000768 	1.000000
000776 	1.000000
000778 	-0.203242
000783 	1.000000
000792 	1.000000
000800 	1.000000
000825 	1.000000
000826 	1.000000
000831 	1.000000
000839 	-1.000000
000858 	1.000000
000876 	1.000000
000878 	0.548578
000883 	1.000000
000895 	1.000000
000898 	1.000000
000937 	1.000000
000960 	1.000000
000963 	-1.000000
000970 	1.000000
000983 	1.000000
000999 	1.000000
002001 	1.000000
002007 	1.000000
002008 	1.000000
002024 	1.000000
002038 	1.000000
002051 	1.000000
002065 	1.000000
002081 	1.000000
002129 	1.000000
002142 	-1.000000
002146 	1.000000
002153 	1.000000
002202 	1.000000
002230 	1.000000
002236 	1.000000
002241 	1.000000
002252 	1.000000
002294 	1.000000
002304 	1.000000
002344 	1.000000
002375 	-0.463597
002385 	1.000000
002399 	1.000000
002410 	1.000000
002415 	1.000000
002422 	1.000000
002450 	1.000000
002456 	1.000000
002465 	1.000000
002470 	1.000000
002475 	1.000000
002500 	1.000000
002570 	1.000000
002594 	1.000000
002653 	1.000000
002673 	1.000000
300003 	1.000000
300015 	1.000000
300017 	1.000000
300024 	1.000000
300027 	1.000000
300058 	1.000000
300070 	1.000000
300124 	1.000000
300133 	1.000000
300146 	1.000000
300251 	1.000000
600000 	1.000000
600008 	1.000000
600009 	1.000000
600010 	1.000000
600011 	1.000000
600015 	1.000000
600016 	1.000000
600018 	1.000000
600019 	1.000000
600023 	1.000000
600027 	1.000000
600028 	1.000000
600029 	1.000000
600030 	1.000000
600031 	1.000000
600036 	1.000000
600038 	1.000000
600048 	1.000000
600050 	1.000000
600060 	1.000000
600066 	1.000000
600068 	1.000000
600085 	1.000000
600089 	1.000000
600100 	1.000000
600104 	1.000000
600108 	1.000000
600109 	1.000000
600111 	1.000000
600115 	1.000000
600118 	1.000000
600150 	1.000000
600153 	-1.000000
600157 	1.000000
600166 	1.000000
600170 	1.000000
600177 	1.000000
600188 	1.000000
600196 	1.000000
600208 	1.000000
600221 	1.000000
600252 	1.000000
600256 	1.000000
600271 	1.000000
600276 	1.000000
600309 	1.000000
600315 	1.000000
600316 	1.000000
600332 	1.000000
600340 	1.000000
600348 	1.000000
600352 	1.000000
600362 	1.000000
600369 	1.000000
600372 	1.000000
600373 	1.000000
600383 	1.000000
600398 	1.000000
600406 	1.000000
600415 	1.000000
600485 	1.000000
600489 	1.000000
600497 	1.000000
600516 	1.000000
600518 	1.000000
600519 	1.000000
600535 	1.000000
600547 	1.000000
600549 	1.000000
600570 	1.000000
600578 	1.000000
600583 	1.000000
600585 	1.000000
600588 	1.000000
600597 	1.000000
600600 	1.000000
600633 	1.000000
600637 	1.000000
600642 	1.000000
600648 	1.000000
600649 	-0.074923
600660 	1.000000
600663 	1.000000
600674 	1.000000
600688 	1.000000
600690 	1.000000
600703 	1.000000
600705 	1.000000
600718 	1.000000
600739 	1.000000
600741 	1.000000
600783 	1.000000
600795 	1.000000
600804 	1.000000
600809 	1.000000
600827 	1.000000
600837 	1.000000
600839 	1.000000
600863 	1.000000
600867 	1.000000
600873 	1.000000
600875 	1.000000
600886 	-1.000000
600887 	1.000000
600893 	1.000000
600900 	-0.142753
600998 	1.000000
600999 	1.000000
601006 	1.000000
601009 	1.000000
601018 	1.000000
601088 	1.000000
601098 	1.000000
601111 	1.000000
601117 	1.000000
601118 	1.000000
601158 	1.000000
601166 	1.000000
601168 	1.000000
601169 	1.000000
601179 	1.000000
601186 	1.000000
601216 	-1.000000
601225 	1.000000
601231 	-1.000000
601258 	1.000000
601288 	1.000000
601318 	1.000000
601328 	1.000000
601333 	1.000000
601336 	1.000000
601377 	1.000000
601390 	1.000000
601398 	1.000000
601555 	1.000000
601600 	1.000000
601601 	1.000000
601607 	1.000000
601618 	1.000000
601628 	1.000000
601633 	-1.000000
601668 	1.000000
601669 	1.000000
601688 	1.000000
601699 	1.000000
601727 	1.000000
601766 	1.000000
601800 	1.000000
601808 	1.000000
601818 	1.000000
601857 	1.000000
601866 	-1.000000
601888 	1.000000
601898 	1.000000
601899 	1.000000
601901 	1.000000
601928 	1.000000
601929 	1.000000
601933 	1.000000
601939 	-1.000000
601958 	1.000000
601988 	1.000000
601989 	1.000000
601992 	1.000000
601998 	1.000000
603000 	1.000000
603288 	1.000000
603993 	1.000000
