000001 	-0.025139
000002 	-0.034358
000009 	-0.009239
000027 	-0.006298
000039 	-0.052180
000060 	-0.055201
000061 	-0.032685
000063 	-0.037536
000069 	-0.069930
000100 	-0.022886
000156 	-0.064145
000157 	-0.053314
000166 	-0.028869
000333 	-0.014203
000338 	-0.032754
000400 	-0.053054
000402 	-0.024983
000413 	-0.036898
000423 	-0.041947
000425 	-0.034725
000503 	-0.012136
000538 	-0.042350
000559 	-0.005690
000568 	-0.052240
000581 	-0.026663
000598 	-0.062297
000623 	0.004704
000625 	-0.036298
000629 	-0.054323
000651 	-0.039725
000686 	-0.024349
000709 	-0.072722
000725 	-0.115000
000728 	-0.032987
000729 	-0.044605
000738 	-0.051558
000750 	-0.025193
000768 	-0.063710
000776 	-0.029527
000778 	-0.020241
000783 	-0.032137
000792 	-0.029042
000800 	-0.011884
000825 	-0.057233
000826 	-0.023973
000831 	-0.018734
000839 	-0.047823
000858 	-0.051790
000876 	-0.026519
000878 	-0.053624
000883 	-0.063544
000895 	-0.002543
000898 	-0.058065
000937 	-0.049975
000960 	-0.033183
000963 	0.001059
000970 	-0.006286
000983 	-0.061925
000999 	-0.001486
002001 	-0.024244
002007 	-0.034697
002008 	0.041009
002024 	-0.042147
002038 	-0.012833
002051 	-0.028413
002065 	-0.037074
002081 	-0.030916
002129 	-0.021450
002142 	-0.008352
002146 	-0.036926
002153 	-0.044286
002202 	-0.001319
002230 	-0.012440
002236 	-0.026610
002241 	-0.015714
002252 	-0.065240
002294 	-0.034424
002304 	-0.052070
002344 	-0.012800
002375 	-0.017725
002385 	-0.027861
002399 	-0.034106
002410 	-0.027975
002415 	-0.056832
002422 	-0.028248
002450 	-0.067618
002456 	0.016713
002465 	-0.005068
002470 	-0.042955
002475 	-0.047363
002500 	-0.021662
002570 	-0.007134
002594 	-0.017250
002653 	-0.044936
002673 	-0.015836
300003 	-0.029833
300015 	-0.041475
300017 	-0.031717
300024 	0.000569
300027 	-0.011180
300058 	0.005242
300070 	-0.050596
300124 	-0.013321
300133 	-0.040015
300146 	-0.045192
300251 	-0.020790
600000 	-0.006341
600008 	-0.022678
600009 	-0.043463
600010 	-0.031056
600011 	-0.083007
600015 	-0.002862
600016 	-0.018245
600018 	-0.047146
600019 	-0.067831
600023 	-0.073051
600027 	-0.092504
600028 	-0.043415
600029 	-0.029059
600030 	-0.055375
600031 	-0.041193
600036 	-0.016628
600038 	-0.056319
600048 	-0.032795
600050 	-0.029307
600060 	0.003974
600066 	-0.027252
600068 	-0.055887
600085 	-0.029118
600089 	-0.048840
600100 	-0.043731
600104 	-0.019880
600108 	-0.028913
600109 	-0.029966
600111 	-0.020372
600115 	-0.014547
600118 	-0.036295
600150 	-0.057802
600153 	-0.012266
600157 	-0.026444
600166 	-0.062610
600170 	-0.047009
600177 	-0.034380
600188 	-0.061432
600196 	-0.048564
600208 	0.007591
600221 	-0.030012
600252 	-0.026581
600256 	-0.038798
600271 	-0.031721
600276 	-0.034944
600309 	-0.032316
600315 	0.003176
600316 	-0.052745
600332 	0.011290
600340 	-0.047863
600348 	-0.025573
600352 	-0.008601
600362 	-0.043254
600369 	-0.023098
600372 	-0.045646
600373 	0.030970
600383 	0.000760
600398 	-0.061458
600406 	-0.036649
600415 	-0.027332
600485 	-0.033318
600489 	-0.031474
600497 	-0.064907
600516 	-0.012310
600518 	-0.035032
600519 	-0.058748
600535 	-0.020272
600547 	-0.035721
600549 	-0.027795
600570 	0.052832
600578 	-0.071406
600583 	-0.062422
600585 	-0.035149
600588 	-0.017583
600597 	0.010386
600600 	-0.015349
600633 	-0.005244
600637 	-0.040767
600642 	-0.068972
600648 	-0.019886
600649 	-0.006317
600660 	-0.035651
600663 	-0.022174
600674 	-0.054675
600688 	-0.079831
600690 	-0.014236
600703 	-0.044676
600705 	-0.063041
600718 	-0.018851
600739 	-0.023112
600741 	-0.013761
600783 	-0.021831
600795 	-0.062251
600804 	-0.050267
600809 	-0.063631
600827 	-0.022420
600837 	-0.029835
600839 	-0.011406
600863 	-0.061533
600867 	-0.036401
600873 	-0.037077
600875 	-0.038644
600886 	-0.020756
600887 	-0.045006
600893 	-0.090176
600900 	-0.020267
600998 	-0.027174
600999 	-0.033142
601006 	-0.045837
601009 	-0.008004
601018 	-0.058000
601088 	-0.059195
601098 	-0.026833
601111 	-0.046040
601117 	-0.035358
601118 	-0.014854
601158 	-0.034235
601166 	-0.024411
601168 	-0.051439
601169 	-0.019868
601179 	-0.066624
601186 	-0.015554
601216 	0.012091
601225 	-0.041140
601231 	0.001632
601258 	-0.022509
601288 	-0.037497
601318 	-0.063217
601328 	-0.029296
601333 	-0.068148
601336 	-0.021306
601377 	-0.031257
601390 	-0.016397
601398 	-0.033817
601555 	-0.016260
601600 	-0.036416
601601 	-0.023035
601607 	-0.027474
601618 	-0.023347
601628 	-0.022441
601633 	0.030849
601668 	-0.028679
601669 	-0.022368
601688 	-0.023738
601699 	-0.055760
601727 	-0.056583
601766 	-0.018407
601800 	-0.032729
601808 	-0.047567
601818 	-0.020447
601857 	-0.035304
601866 	-0.070577
601888 	-0.020514
601898 	-0.079300
601899 	-0.073778
601901 	-0.031110
601928 	-0.005064
601929 	-0.041181
601933 	-0.018334
601939 	-0.037895
601958 	-0.052109
601988 	-0.037339
601989 	-0.068883
601992 	-0.037296
601998 	-0.017979
603000 	0.018620
603288 	-0.012113
603993 	-0.064952
