300001 	1.000000	0.65138	news
300002 	1.000000	0.65138	news
300003 	1.000000	0.65138	news
300004 	1.000000	0.65138	news
300005 	1.000000	0.65138	news
300006 	1.000000	0.65138	news
300007 	0.391687	0.65138	news
300009 	1.000000	0.65138	news
300010 	1.000000	0.65138	news
300011 	1.000000	0.65138	news
300012 	-0.188271	0.65138	news
300013 	1.000000	0.65138	news
300014 	1.000000	0.65138	news
300015 	1.000000	0.65138	news
300016 	1.000000	0.65138	news
300017 	1.000000	0.65138	news
300018 	1.000000	0.65138	news
300019 	1.000000	0.65138	news
300020 	1.000000	0.65138	news
300021 	1.000000	0.65138	news
300022 	1.000000	0.65138	news
300023 	1.000000	0.65138	news
300024 	1.000000	0.65138	news
300025 	1.000000	0.65138	news
300026 	1.000000	0.65138	news
300027 	1.000000	0.65138	news
300028 	0.228062	0.65138	news
300029 	1.000000	0.65138	news
300030 	0.845810	0.65138	news
300031 	-0.482928	0.65138	news
300032 	1.000000	0.65138	news
300033 	1.000000	0.65138	news
300034 	1.000000	0.65138	news
300036 	1.000000	0.65138	news
300037 	1.000000	0.65138	news
300038 	1.000000	0.65138	news
300039 	1.000000	0.65138	news
300040 	1.000000	0.65138	news
300041 	1.000000	0.65138	news
300042 	1.000000	0.65138	news
300043 	1.000000	0.65138	news
300044 	1.000000	0.65138	news
300045 	1.000000	0.65138	news
300046 	1.000000	0.65138	news
300047 	-0.016733	0.65138	news
300049 	1.000000	0.65138	news
300050 	1.000000	0.65138	news
300051 	1.000000	0.65138	news
300052 	1.000000	0.65138	news
300053 	1.000000	0.65138	news
300054 	1.000000	0.65138	news
300055 	0.368245	0.65138	news
300056 	-0.039683	0.65138	news
300057 	-0.016733	0.65138	news
300058 	1.000000	0.65138	news
300059 	1.000000	0.65138	news
300061 	1.000000	0.65138	news
300062 	1.000000	0.65138	news
300063 	1.000000	0.65138	news
300064 	1.000000	0.65138	news
300065 	1.000000	0.65138	news
300066 	1.000000	0.65138	news
300067 	1.000000	0.65138	news
300068 	1.000000	0.65138	news
300069 	1.000000	0.65138	news
300070 	1.000000	0.65138	news
300072 	1.000000	0.65138	news
300073 	1.000000	0.65138	news
300074 	0.378705	0.65138	news
300075 	1.000000	0.65138	news
300076 	1.000000	0.65138	news
300077 	1.000000	0.65138	news
300078 	1.000000	0.65138	news
300079 	1.000000	0.65138	news
300080 	1.000000	0.65138	news
300081 	1.000000	0.65138	news
300082 	1.000000	0.65138	news
300084 	-0.016733	0.65138	news
300085 	1.000000	0.65138	news
300086 	1.000000	0.65138	news
300088 	1.000000	0.65138	news
300090 	1.000000	0.65138	news
300091 	1.000000	0.65138	news
300092 	1.000000	0.65138	news
300094 	0.484343	0.65138	news
300095 	1.000000	0.65138	news
300097 	1.000000	0.65138	news
300098 	1.000000	0.65138	news
300099 	0.164581	0.65138	news
300100 	1.000000	0.65138	news
300101 	1.000000	0.65138	news
300102 	1.000000	0.65138	news
300103 	1.000000	0.65138	news
300104 	1.000000	0.65138	news
300105 	1.000000	0.65138	news
300106 	1.000000	0.65138	news
300107 	1.000000	0.65138	news
300108 	1.000000	0.65138	news
300109 	-0.149008	0.65138	news
300110 	1.000000	0.65138	news
300111 	1.000000	0.65138	news
300112 	-0.552660	0.65138	news
300114 	1.000000	0.65138	news
300115 	1.000000	0.65138	news
300116 	-0.023217	0.65138	news
300117 	1.000000	0.65138	news
300118 	1.000000	0.65138	news
300119 	1.000000	0.65138	news
300120 	1.000000	0.65138	news
300121 	1.000000	0.65138	news
300122 	1.000000	0.65138	news
300124 	1.000000	0.65138	news
300125 	1.000000	0.65138	news
300126 	-0.402360	0.65138	news
300127 	1.000000	0.65138	news
300128 	1.000000	0.65138	news
300129 	1.000000	0.65138	news
300130 	1.000000	0.65138	news
300131 	1.000000	0.65138	news
300132 	1.000000	0.65138	news
300133 	1.000000	0.65138	news
300134 	1.000000	0.65138	news
300135 	0.047355	0.65138	news
300136 	1.000000	0.65138	news
300137 	1.000000	0.65138	news
300138 	1.000000	0.65138	news
300139 	1.000000	0.65138	news
300140 	1.000000	0.65138	news
300141 	1.000000	0.65138	news
300142 	0.006945	0.65138	news
300144 	-0.201939	0.65138	news
300145 	1.000000	0.65138	news
300146 	1.000000	0.65138	news
300147 	1.000000	0.65138	news
300148 	1.000000	0.65138	news
300149 	1.000000	0.65138	news
300150 	1.000000	0.65138	news
300151 	1.000000	0.65138	news
300152 	-1.000000	0.65138	news
300153 	1.000000	0.65138	news
300154 	1.000000	0.65138	news
300155 	-0.364029	0.65138	news
300156 	1.000000	0.65138	news
300157 	0.330112	0.65138	news
300159 	1.000000	0.65138	news
300160 	1.000000	0.65138	news
300163 	1.000000	0.65138	news
300165 	0.058968	0.65138	news
300166 	1.000000	0.65138	news
300167 	1.000000	0.65138	news
300168 	1.000000	0.65138	news
300169 	1.000000	0.65138	news
300170 	1.000000	0.65138	news
300171 	1.000000	0.65138	news
300172 	1.000000	0.65138	news
300173 	-0.539834	0.65138	news
300174 	-0.345748	0.65138	news
300175 	1.000000	0.65138	news
300176 	1.000000	0.65138	news
300177 	1.000000	0.65138	news
300178 	1.000000	0.65138	news
300179 	1.000000	0.65138	news
300180 	1.000000	0.65138	news
300181 	1.000000	0.65138	news
300182 	1.000000	0.65138	news
300183 	1.000000	0.65138	news
300184 	-0.182125	0.65138	news
300185 	1.000000	0.65138	news
300186 	1.000000	0.65138	news
300187 	1.000000	0.65138	news
300191 	1.000000	0.65138	news
300192 	1.000000	0.65138	news
300193 	1.000000	0.65138	news
300194 	1.000000	0.65138	news
300195 	-0.321726	0.65138	news
300197 	-0.333625	0.65138	news
300198 	1.000000	0.65138	news
300199 	0.854620	0.65138	news
300200 	1.000000	0.65138	news
300201 	1.000000	0.65138	news
300202 	1.000000	0.65138	news
300204 	1.000000	0.65138	news
300205 	1.000000	0.65138	news
300206 	1.000000	0.65138	news
300207 	1.000000	0.65138	news
300208 	1.000000	0.65138	news
300209 	1.000000	0.65138	news
300210 	1.000000	0.65138	news
300211 	1.000000	0.65138	news
300212 	1.000000	0.65138	news
300213 	1.000000	0.65138	news
300215 	-0.137672	0.65138	news
300216 	1.000000	0.65138	news
300217 	1.000000	0.65138	news
300218 	1.000000	0.65138	news
300219 	1.000000	0.65138	news
300220 	-1.000000	0.65138	news
300221 	1.000000	0.65138	news
300222 	1.000000	0.65138	news
300223 	1.000000	0.65138	news
300224 	1.000000	0.65138	news
300225 	1.000000	0.65138	news
300226 	-0.016733	0.65138	news
300227 	1.000000	0.65138	news
300228 	0.440504	0.65138	news
300229 	1.000000	0.65138	news
300230 	1.000000	0.65138	news
300231 	1.000000	0.65138	news
300232 	1.000000	0.65138	news
300233 	1.000000	0.65138	news
300234 	1.000000	0.65138	news
300235 	1.000000	0.65138	news
300236 	1.000000	0.65138	news
300237 	1.000000	0.65138	news
300238 	1.000000	0.65138	news
300239 	0.138288	0.65138	news
300240 	1.000000	0.65138	news
300241 	1.000000	0.65138	news
300242 	1.000000	0.65138	news
300243 	1.000000	0.65138	news
300244 	1.000000	0.65138	news
300245 	1.000000	0.65138	news
300246 	1.000000	0.65138	news
300247 	1.000000	0.65138	news
300248 	1.000000	0.65138	news
300250 	1.000000	0.65138	news
300251 	1.000000	0.65138	news
300252 	1.000000	0.65138	news
300253 	1.000000	0.65138	news
300254 	1.000000	0.65138	news
300255 	-0.016733	0.65138	news
300256 	1.000000	0.65138	news
300257 	1.000000	0.65138	news
300258 	1.000000	0.65138	news
300259 	1.000000	0.65138	news
300260 	1.000000	0.65138	news
300261 	1.000000	0.65138	news
300262 	1.000000	0.65138	news
300263 	1.000000	0.65138	news
300264 	1.000000	0.65138	news
300265 	1.000000	0.65138	news
300266 	-0.016733	0.65138	news
300267 	1.000000	0.65138	news
300268 	1.000000	0.65138	news
300269 	1.000000	0.65138	news
300270 	1.000000	0.65138	news
300271 	1.000000	0.65138	news
300272 	1.000000	0.65138	news
300273 	1.000000	0.65138	news
300274 	1.000000	0.65138	news
300275 	1.000000	0.65138	news
300276 	1.000000	0.65138	news
300277 	1.000000	0.65138	news
300280 	1.000000	0.65138	news
300281 	1.000000	0.65138	news
300282 	1.000000	0.65138	news
300283 	1.000000	0.65138	news
300284 	1.000000	0.65138	news
300285 	1.000000	0.65138	news
300286 	1.000000	0.65138	news
300287 	-0.016733	0.65138	news
300288 	1.000000	0.65138	news
300289 	1.000000	0.65138	news
300290 	1.000000	0.65138	news
300291 	1.000000	0.65138	news
300292 	1.000000	0.65138	news
300293 	1.000000	0.65138	news
300295 	1.000000	0.65138	news
300296 	1.000000	0.65138	news
300298 	1.000000	0.65138	news
300299 	1.000000	0.65138	news
300300 	1.000000	0.65138	news
300301 	1.000000	0.65138	news
300302 	1.000000	0.65138	news
300303 	1.000000	0.65138	news
300304 	-0.715840	0.65138	news
300305 	1.000000	0.65138	news
300306 	1.000000	0.65138	news
300307 	1.000000	0.65138	news
300308 	1.000000	0.65138	news
300309 	1.000000	0.65138	news
300310 	-0.037698	0.65138	news
300311 	0.282385	0.65138	news
300312 	1.000000	0.65138	news
300313 	1.000000	0.65138	news
300314 	1.000000	0.65138	news
300315 	1.000000	0.65138	news
300316 	-0.868827	0.65138	news
300317 	1.000000	0.65138	news
300318 	1.000000	0.65138	news
300319 	1.000000	0.65138	news
300320 	-0.187902	0.65138	news
300321 	1.000000	0.65138	news
300322 	1.000000	0.65138	news
300324 	1.000000	0.65138	news
300325 	1.000000	0.65138	news
300326 	1.000000	0.65138	news
300327 	1.000000	0.65138	news
300328 	1.000000	0.65138	news
300329 	1.000000	0.65138	news
300330 	1.000000	0.65138	news
300331 	1.000000	0.65138	news
300332 	1.000000	0.65138	news
300333 	1.000000	0.65138	news
300334 	1.000000	0.65138	news
300335 	1.000000	0.65138	news
300336 	1.000000	0.65138	news
300337 	1.000000	0.65138	news
300338 	1.000000	0.65138	news
300339 	1.000000	0.65138	news
300340 	1.000000	0.65138	news
300341 	1.000000	0.65138	news
300342 	-0.116399	0.65138	news
300343 	1.000000	0.65138	news
300344 	1.000000	0.65138	news
300345 	1.000000	0.65138	news
300346 	-0.221930	0.65138	news
300347 	1.000000	0.65138	news
300348 	1.000000	0.65138	news
300349 	0.135693	0.65138	news
300350 	1.000000	0.65138	news
300351 	1.000000	0.65138	news
300352 	1.000000	0.65138	news
300353 	-0.016733	0.65138	news
300354 	1.000000	0.65138	news
300355 	1.000000	0.65138	news
300356 	1.000000	0.65138	news
300357 	1.000000	0.65138	news
300358 	1.000000	0.65138	news
300359 	1.000000	0.65138	news
300360 	-0.334975	0.65138	news
300362 	1.000000	0.65138	news
300363 	1.000000	0.65138	news
300364 	1.000000	0.65138	news
300365 	0.426006	0.65138	news
300366 	1.000000	0.65138	news
300367 	1.000000	0.65138	news
300368 	-0.011511	0.65138	news
300369 	1.000000	0.65138	news
300370 	1.000000	0.65138	news
300371 	0.021863	0.65138	news
300372 	1.000000	0.65138	news
300373 	0.011550	0.65138	news
300374 	1.000000	0.65138	news
300375 	1.000000	0.65138	news
300376 	1.000000	0.65138	news
300378 	1.000000	0.65138	news
300379 	1.000000	0.65138	news
300380 	1.000000	0.65138	news
300382 	1.000000	0.65138	news
300383 	-0.196349	0.65138	news
300384 	1.000000	0.65138	news
300385 	0.428697	0.65138	news
300386 	1.000000	0.65138	news
300388 	1.000000	0.65138	news
300389 	-0.086031	0.65138	news
300390 	1.000000	0.65138	news
300391 	1.000000	0.65138	news
300392 	1.000000	0.65138	news
300393 	1.000000	0.65138	news
300394 	1.000000	0.65138	news
300395 	1.000000	0.65138	news
300396 	1.000000	0.65138	news
300397 	1.000000	0.65138	news
300398 	1.000000	0.65138	news
300399 	-0.016733	0.65138	news
300400 	1.000000	0.65138	news
300401 	1.000000	0.65138	news
300402 	0.254746	0.65138	news
300403 	1.000000	0.65138	news
300404 	1.000000	0.65138	news
300405 	1.000000	0.65138	news
300406 	1.000000	0.65138	news
300407 	1.000000	0.65138	news
300408 	1.000000	0.65138	news
300409 	1.000000	0.65138	news
300410 	1.000000	0.65138	news
300411 	0.361543	0.65138	news
300412 	1.000000	0.65138	news
300413 	1.000000	0.65138	news
300414 	1.000000	0.65138	news
300415 	1.000000	0.65138	news
300416 	1.000000	0.65138	news
300417 	1.000000	0.65138	news
300422 	1.000000	0.65138	news
300423 	1.000000	0.65138	news
300424 	1.000000	0.65138	news
300425 	-0.474030	0.65138	news
300426 	1.000000	0.65138	news
300427 	1.000000	0.65138	news
300428 	1.000000	0.65138	news
300429 	1.000000	0.65138	news
300430 	1.000000	0.65138	news
300431 	-0.763184	0.65138	news
300432 	1.000000	0.65138	news
300433 	1.000000	0.65138	news
300434 	1.000000	0.65138	news
300435 	1.000000	0.65138	news
300436 	1.000000	0.65138	news
300437 	1.000000	0.65138	news
300438 	1.000000	0.65138	news
300439 	1.000000	0.65138	news
300440 	1.000000	0.65138	news
300441 	1.000000	0.65138	news
300442 	1.000000	0.65138	news
300443 	1.000000	0.65138	news
300444 	1.000000	0.65138	news
300445 	1.000000	0.65138	news
300446 	1.000000	0.65138	news
300447 	1.000000	0.65138	news
300448 	1.000000	0.65138	news
300449 	1.000000	0.65138	news
300450 	1.000000	0.65138	news
300451 	1.000000	0.65138	news
300452 	1.000000	0.65138	news
300453 	1.000000	0.65138	news
300455 	1.000000	0.65138	news
300456 	1.000000	0.65138	news
300457 	1.000000	0.65138	news
300458 	1.000000	0.65138	news
300459 	1.000000	0.65138	news
300460 	1.000000	0.65138	news
300461 	1.000000	0.65138	news
300462 	1.000000	0.65138	news
300463 	1.000000	0.65138	news
300464 	-0.319858	0.65138	news
300465 	1.000000	0.65138	news
300466 	1.000000	0.65138	news
300467 	-0.016733	0.65138	news
300468 	1.000000	0.65138	news
300469 	0.246494	0.65138	news
300470 	0.732604	0.65138	news
300471 	1.000000	0.65138	news
300472 	-1.000000	0.65138	news
300473 	0.713850	0.65138	news
300475 	1.000000	0.65138	news
300476 	0.568215	0.65138	news
300477 	1.000000	0.65138	news
300478 	-0.319858	0.65138	news
300479 	0.324215	0.65138	news
