300001 	-0.030292
300002 	-0.030768
300003 	0.007697
300004 	-0.026000
300005 	-0.101817
300006 	-0.025565
300007 	-0.039198
300009 	-0.024595
300010 	-0.035731
300011 	-0.027569
300012 	0.008803
300013 	-0.029753
300014 	-0.012442
300015 	-0.034288
300016 	-0.025559
300017 	-0.020489
300018 	-0.062500
300019 	-0.038340
300020 	-0.031165
300021 	-0.028072
300022 	-0.032698
300023 	-0.031341
300024 	-0.093211
300025 	-0.027523
300026 	-0.028909
300027 	-0.023353
300028 	0.000283
300029 	-0.029062
300030 	0.037845
300031 	0.012190
300032 	-0.007833
300033 	-0.043266
300034 	-0.019889
300036 	-0.056932
300037 	-0.020227
300038 	-0.025205
300039 	-0.023299
300040 	-0.070169
300041 	-0.027141
300042 	-0.027213
300043 	-0.015375
300044 	-0.039323
300045 	-0.026964
300046 	-0.024930
300047 	-0.003096
300049 	-0.021143
300050 	-0.023542
300051 	-0.027195
300052 	-0.029994
300053 	-0.032117
300054 	-0.035126
300055 	-0.044858
300056 	0.009634
300057 	-0.003772
300058 	-0.049387
300059 	-0.042779
300061 	-0.023532
300062 	-0.001676
300063 	-0.012487
300064 	-0.023684
300065 	-0.036181
300066 	-0.026273
300067 	-0.029849
300068 	-0.043820
300069 	-0.035522
300070 	-0.023573
300072 	-0.034627
300073 	-0.029762
300074 	-0.053689
300075 	-0.026877
300076 	-0.025248
300077 	-0.030412
300078 	-0.059060
300079 	-0.084536
300080 	-0.033311
300081 	-0.028942
300082 	-0.020207
300084 	-0.002530
300085 	-0.031172
300086 	-0.033961
300088 	-0.041538
300090 	-0.028796
300091 	-0.029064
300092 	-0.028270
300094 	-0.011396
300095 	-0.024013
300097 	-0.066300
300098 	-0.054372
300099 	0.049318
300100 	-0.018322
300101 	-0.030655
300102 	-0.031249
300103 	-0.034749
300104 	-0.036471
300105 	-0.024083
300106 	-0.033594
300107 	-0.030011
300108 	-0.026762
300109 	-0.035320
300110 	-0.055633
300111 	-0.027469
300112 	0.049715
300114 	-0.026604
300115 	-0.029130
300116 	0.044189
300117 	-0.035319
300118 	-0.029516
300119 	0.012762
300120 	-0.035441
300121 	-0.028325
300122 	-0.033721
300124 	-0.030886
300125 	-0.025970
300126 	-0.062452
300127 	-0.030242
300128 	-0.025191
300129 	-0.027087
300130 	-0.040425
300131 	-0.019770
300132 	-0.024515
300133 	-0.035553
300134 	-0.037957
300135 	-0.032227
300136 	-0.013647
300137 	-0.013977
300138 	-0.034668
300139 	-0.041054
300140 	-0.012738
300141 	-0.012308
300142 	0.006944
300144 	-0.032384
300145 	-0.021943
300146 	-0.026961
300147 	-0.079541
300148 	-0.003836
300149 	-0.025716
300150 	-0.038475
300151 	-0.032337
300152 	0.034083
300153 	-0.025496
300154 	-0.022282
300155 	0.007166
300156 	-0.031094
300157 	-0.032034
300159 	-0.029175
300160 	-0.027075
300163 	-0.040473
300165 	0.025656
300166 	-0.024427
300167 	-0.017728
300168 	-0.036031
300169 	-0.020549
300170 	-0.035685
300171 	-0.060006
300172 	-0.037978
300173 	0.001192
300174 	0.020059
300175 	-0.012275
300176 	-0.024351
300177 	-0.029772
300178 	-0.043911
300179 	-0.027704
300180 	-0.024236
300181 	-0.088451
300182 	-0.017073
300183 	-0.032913
300184 	0.008990
300185 	-0.032055
300186 	-0.015240
300187 	-0.027171
300191 	-0.030660
300192 	-0.014242
300193 	-0.002363
300194 	-0.019541
300195 	0.039240
300197 	-0.020899
300198 	-0.030722
300199 	-0.015868
300200 	-0.026268
300201 	-0.026679
300202 	-0.027994
300204 	-0.027432
300205 	-0.040058
300206 	-0.036260
300207 	-0.048028
300208 	-0.031730
300209 	-0.033664
300210 	-0.026470
300211 	-0.050455
300212 	-0.025851
300213 	-0.031464
300215 	-0.002025
300216 	-0.039508
300217 	-0.030136
300218 	-0.028100
300219 	-0.071957
300220 	0.049665
300221 	-0.025900
300222 	-0.022728
300223 	-0.026534
300224 	-0.023611
300225 	-0.032678
300226 	-0.002056
300227 	-0.021555
300228 	0.047038
300229 	-0.042344
300230 	-0.029549
300231 	-0.032843
300232 	-0.022727
300233 	-0.024063
300234 	-0.016498
300235 	-0.028646
300236 	-0.061656
300237 	-0.018432
300238 	-0.046744
300239 	-0.028019
300240 	-0.094682
300241 	-0.064196
300242 	-0.035075
300243 	-0.032664
300244 	-0.023772
300245 	-0.022819
300246 	-0.069963
300247 	0.087413
300248 	-0.035353
300250 	-0.051096
300251 	-0.024216
300252 	-0.029805
300253 	-0.040586
300254 	-0.035904
300255 	-0.003352
300256 	-0.032204
300257 	-0.052322
300258 	-0.031471
300259 	-0.032309
300260 	-0.015783
300261 	-0.021336
300262 	-0.020188
300263 	-0.030272
300264 	-0.021943
300265 	-0.025969
300266 	-0.003352
300267 	-0.026589
300268 	-0.022944
300269 	-0.018103
300270 	-0.038266
300271 	-0.023676
300272 	-0.016267
300273 	0.001434
300274 	-0.028227
300275 	-0.017368
300276 	-0.028968
300277 	-0.027669
300280 	-0.033357
300281 	-0.028243
300282 	-0.057995
300283 	-0.017535
300284 	-0.037711
300285 	-0.029768
300286 	-0.016933
300287 	-0.002056
300288 	-0.019497
300289 	-0.024183
300290 	-0.039019
300291 	-0.021785
300292 	-0.031224
300293 	-0.026518
300295 	-0.145432
300296 	-0.020717
300298 	-0.018943
300299 	-0.031024
300300 	-0.036577
300301 	-0.032704
300302 	-0.023423
300303 	-0.034896
300304 	-0.015928
300305 	-0.023974
300306 	-0.027249
300307 	-0.069491
300308 	-0.032972
300309 	-0.091259
300310 	0.005375
300311 	-0.041147
300312 	-0.032709
300313 	-0.015316
300314 	-0.003034
300315 	-0.034377
300316 	0.051798
300317 	-0.097902
300318 	-0.029679
300319 	-0.010269
300320 	0.047392
300321 	-0.059732
300322 	-0.055097
300324 	-0.035013
300325 	-0.032165
300326 	-0.021896
300327 	-0.016152
300328 	-0.032704
300329 	-0.008639
300330 	-0.032322
300331 	-0.020878
300332 	-0.038547
300333 	-0.028335
300334 	-0.035169
300335 	-0.022062
300336 	-0.026337
300337 	-0.079420
300338 	-0.006251
300339 	-0.074397
300340 	-0.024857
300341 	-0.024234
300342 	0.040828
300343 	0.002452
300344 	-0.038934
300345 	-0.062093
300346 	0.036846
300347 	-0.044988
300348 	-0.043268
300349 	-0.029964
300350 	-0.016068
300351 	-0.031719
300352 	-0.046246
300353 	-0.002658
300354 	-0.025514
300355 	-0.032017
300356 	-0.023825
300357 	-0.023806
300358 	-0.022276
300359 	-0.040172
300360 	0.010193
300362 	-0.024652
300363 	-0.027231
300364 	-0.030423
300365 	-0.008457
300366 	-0.064317
300367 	-0.008008
300368 	-0.002051
300369 	-0.036327
300370 	-0.044890
300371 	-0.027049
300372 	-0.021455
300373 	-0.001603
300374 	-0.033550
300375 	-0.030723
300376 	-0.029142
300378 	-0.042147
300379 	-0.026972
300380 	-0.019786
300382 	-0.012997
300383 	-0.004929
300384 	-0.021337
300385 	-0.036858
300386 	-0.008099
300388 	-0.039655
300389 	-0.030154
300390 	-0.028657
300391 	-0.032998
300392 	-0.024660
300393 	-0.016014
300394 	-0.021456
300395 	-0.025753
300396 	-0.027255
300397 	-0.007776
300398 	-0.028317
300399 	0.000323
300400 	-0.031027
300401 	-0.025887
300402 	0.005909
300403 	-0.022552
300404 	-0.017069
300405 	-0.024649
300406 	-0.028558
300407 	-0.030548
300408 	-0.031932
300409 	-0.058458
300410 	-0.026465
300411 	-0.007931
300412 	-0.036963
300413 	-0.013029
300414 	-0.064358
300415 	-0.022872
300416 	-0.022343
300417 	-0.022912
300422 	-0.024371
300423 	-0.032508
300424 	-0.031811
300425 	-0.043645
300426 	-0.010340
300427 	-0.015570
300428 	-0.018837
300429 	-0.041755
300430 	-0.032250
300431 	0.022700
300432 	-0.015726
300433 	-0.030690
300434 	-0.031302
300435 	-0.024419
300436 	-0.025301
300437 	-0.032256
300438 	-0.036272
300439 	-0.024792
300440 	-0.015430
300441 	-0.029133
300442 	-0.031247
300443 	-0.006151
300444 	-0.030028
300445 	-0.032271
300446 	-0.066741
300447 	-0.063721
300448 	-0.031400
300449 	-0.032144
300450 	-0.010283
300451 	-0.056406
300452 	-0.028629
300453 	-0.047234
300455 	-0.023866
300456 	-0.044651
300457 	-0.056748
300458 	-0.003096
300459 	-0.033848
300460 	-0.015290
300461 	-0.026837
300462 	-0.027295
300463 	-0.017095
300464 	0.001886
300465 	-0.002781
300466 	-0.051121
300467 	-0.002056
300468 	-0.048433
300469 	0.000905
300470 	0.016655
300471 	-0.033947
300472 	0.009681
300473 	-0.002159
300475 	0.002420
300476 	0.004524
300477 	0.009944
300478 	0.001886
300479 	0.006458
