300001 	-1.000000
300002 	-1.000000
300003 	-0.654654
300004 	-1.000000
300005 	-1.000000
300006 	-1.000000
300007 	-1.000000
300009 	-1.000000
300010 	-1.000000
300011 	-1.000000
300012 	0.129310
300013 	0.039273
300014 	-0.473501
300015 	-1.000000
300016 	-1.000000
300017 	-1.000000
300018 	-1.000000
300019 	-1.000000
300020 	-1.000000
300021 	-1.000000
300022 	-1.000000
300023 	-1.000000
300024 	-1.000000
300025 	-1.000000
300026 	-1.000000
300027 	-1.000000
300028 	-0.367723
300029 	-1.000000
300030 	-0.365596
300031 	0.270329
300032 	-1.000000
300033 	-1.000000
300034 	-1.000000
300036 	-1.000000
300037 	-0.878685
300038 	-1.000000
300039 	-1.000000
300040 	-1.000000
300041 	-1.000000
300042 	-1.000000
300043 	-1.000000
300044 	-1.000000
300045 	-1.000000
300046 	-1.000000
300047 	-0.106916
300049 	-1.000000
300050 	-1.000000
300051 	-1.000000
300052 	-1.000000
300053 	-1.000000
300054 	-1.000000
300055 	-1.000000
300056 	-0.274618
300057 	-0.145041
300058 	-1.000000
300059 	-1.000000
300061 	-1.000000
300062 	-1.000000
300063 	-1.000000
300064 	-1.000000
300065 	-1.000000
300066 	-1.000000
300067 	-1.000000
300068 	-1.000000
300069 	-1.000000
300070 	-1.000000
300072 	-1.000000
300073 	-1.000000
300074 	-1.000000
300075 	-1.000000
300076 	-1.000000
300077 	-1.000000
300078 	-1.000000
300079 	-1.000000
300080 	-1.000000
300081 	-1.000000
300082 	-1.000000
300084 	-0.074973
300085 	-1.000000
300086 	-1.000000
300088 	-1.000000
300090 	-1.000000
300091 	-1.000000
300092 	-1.000000
300094 	-0.200232
300095 	-1.000000
300097 	-1.000000
300098 	-1.000000
300099 	-0.291214
300100 	-1.000000
300101 	-1.000000
300102 	-1.000000
300103 	-1.000000
300104 	-1.000000
300105 	-1.000000
300106 	-1.000000
300107 	-1.000000
300108 	-1.000000
300109 	-0.425948
300110 	-1.000000
300111 	-1.000000
300112 	-0.201234
300114 	-1.000000
300115 	-1.000000
300116 	-0.700653
300117 	-0.960311
300118 	-1.000000
300119 	0.124544
300120 	-1.000000
300121 	-1.000000
300122 	-1.000000
300124 	-1.000000
300125 	-1.000000
300126 	-0.883590
300127 	-1.000000
300128 	-1.000000
300129 	-1.000000
300130 	-1.000000
300131 	0.032827
300132 	-1.000000
300133 	-1.000000
300134 	-1.000000
300135 	-1.000000
300136 	-1.000000
300137 	-1.000000
300138 	-1.000000
300139 	-1.000000
300140 	-1.000000
300141 	-1.000000
300142 	0.068070
300144 	-0.433373
300145 	-0.859562
300146 	-1.000000
300147 	-1.000000
300148 	-1.000000
300149 	-1.000000
300150 	-1.000000
300151 	-1.000000
300152 	-0.136090
300153 	-1.000000
300154 	-1.000000
300155 	0.265074
300156 	-1.000000
300157 	-1.000000
300159 	-1.000000
300160 	-1.000000
300163 	-1.000000
300165 	0.543456
300166 	-1.000000
300167 	-1.000000
300168 	-1.000000
300169 	-1.000000
300170 	-1.000000
300171 	-1.000000
300172 	-1.000000
300173 	-1.000000
300174 	0.212295
300175 	-1.000000
300176 	-1.000000
300177 	-1.000000
300178 	-1.000000
300179 	-1.000000
300180 	-1.000000
300181 	-1.000000
300182 	-1.000000
300183 	-1.000000
300184 	0.231906
300185 	-1.000000
300186 	-1.000000
300187 	-1.000000
300191 	-1.000000
300192 	-0.559688
300193 	-0.941984
300194 	-1.000000
300195 	-0.638084
300197 	-0.679985
300198 	-1.000000
300199 	-0.601711
300200 	-1.000000
300201 	-1.000000
300202 	-1.000000
300204 	-1.000000
300205 	-1.000000
300206 	-1.000000
300207 	-1.000000
300208 	-1.000000
300209 	-1.000000
300210 	-1.000000
300211 	-1.000000
300212 	-1.000000
300213 	-1.000000
300215 	-0.193848
300216 	-1.000000
300217 	-1.000000
300218 	-1.000000
300219 	-1.000000
300220 	-0.682497
300221 	-1.000000
300222 	0.157788
300223 	-1.000000
300224 	-1.000000
300225 	-1.000000
300226 	-0.048182
300227 	-1.000000
300228 	-0.146712
300229 	-1.000000
300230 	-1.000000
300231 	-1.000000
300232 	-1.000000
300233 	-1.000000
300234 	-1.000000
300235 	-1.000000
300236 	-1.000000
300237 	-1.000000
300238 	-1.000000
300239 	-1.000000
300240 	-1.000000
300241 	-1.000000
300242 	-0.958670
300243 	-1.000000
300244 	-1.000000
300245 	-1.000000
300246 	-1.000000
300247 	0.063606
300248 	-1.000000
300250 	-1.000000
300251 	-1.000000
300252 	-1.000000
300253 	-1.000000
300254 	-1.000000
300255 	-0.121342
300256 	-1.000000
300257 	-1.000000
300258 	-1.000000
300259 	-1.000000
300260 	-1.000000
300261 	-1.000000
300262 	-1.000000
300263 	-1.000000
300264 	-1.000000
300265 	-1.000000
300266 	-0.121342
300267 	-1.000000
300268 	-1.000000
300269 	-1.000000
300270 	-1.000000
300271 	-1.000000
300272 	-1.000000
300273 	-1.000000
300274 	-1.000000
300275 	-1.000000
300276 	-1.000000
300277 	-1.000000
300280 	-1.000000
300281 	-1.000000
300282 	-1.000000
300283 	-1.000000
300284 	-1.000000
300285 	-0.673319
300286 	-0.560749
300287 	-0.048182
300288 	-1.000000
300289 	-1.000000
300290 	-1.000000
300291 	-1.000000
300292 	-1.000000
300293 	-1.000000
300295 	-1.000000
300296 	-1.000000
300298 	-0.844584
300299 	-0.851436
300300 	-1.000000
300301 	-1.000000
300302 	-1.000000
300303 	-1.000000
300304 	-1.000000
300305 	-1.000000
300306 	-1.000000
300307 	-1.000000
300308 	-1.000000
300309 	-1.000000
300310 	-0.142918
300311 	0.002162
300312 	-1.000000
300313 	-1.000000
300314 	-0.707551
300315 	-1.000000
300316 	0.254863
300317 	-1.000000
300318 	-1.000000
300319 	-1.000000
300320 	-0.287138
300321 	-1.000000
300322 	-1.000000
300324 	-1.000000
300325 	-1.000000
300326 	-1.000000
300327 	-1.000000
300328 	-1.000000
300329 	-1.000000
300330 	-1.000000
300331 	-1.000000
300332 	-1.000000
300333 	-1.000000
300334 	-1.000000
300335 	-1.000000
300336 	-1.000000
300337 	-1.000000
300338 	-1.000000
300339 	-1.000000
300340 	-1.000000
300341 	-1.000000
300342 	-0.202088
300343 	-1.000000
300344 	-1.000000
300345 	-1.000000
300346 	-0.347200
300347 	-1.000000
300348 	-1.000000
300349 	-0.151893
300350 	-0.949194
300351 	-1.000000
300352 	-1.000000
300353 	-0.082186
300354 	-1.000000
300355 	-1.000000
300356 	-1.000000
300357 	-1.000000
300358 	-1.000000
300359 	-1.000000
300360 	0.231459
300362 	-1.000000
300363 	-1.000000
300364 	-1.000000
300365 	-0.820681
300366 	-0.862445
300367 	-1.000000
300368 	-0.048335
300369 	-1.000000
300370 	-1.000000
300371 	-1.000000
300372 	-0.909524
300373 	-0.218630
300374 	-1.000000
300375 	-1.000000
300376 	-1.000000
300378 	-1.000000
300379 	-1.000000
300380 	-1.000000
300382 	-1.000000
300383 	-0.134585
300384 	-1.000000
300385 	-1.000000
300386 	-1.000000
300388 	-1.000000
300389 	-1.000000
300390 	-1.000000
300391 	-1.000000
300392 	-1.000000
300393 	-0.754422
300394 	-1.000000
300395 	-1.000000
300396 	-1.000000
300397 	0.050892
300398 	-1.000000
300399 	0.206598
300400 	-1.000000
300401 	-1.000000
300402 	-0.733080
300403 	-1.000000
300404 	-1.000000
300405 	-1.000000
300406 	-1.000000
300407 	-1.000000
300408 	-1.000000
300409 	-1.000000
300410 	-1.000000
300411 	-0.508064
300412 	-1.000000
300413 	-1.000000
300414 	-1.000000
300415 	-1.000000
300416 	-1.000000
300417 	-1.000000
300422 	-1.000000
300423 	-1.000000
300424 	-1.000000
300425 	-1.000000
300426 	-0.927581
300427 	-0.890159
300428 	-1.000000
300429 	-1.000000
300430 	-1.000000
300431 	1.000000
300432 	-1.000000
300433 	-1.000000
300434 	-1.000000
300435 	-1.000000
300436 	-1.000000
300437 	-1.000000
300438 	-1.000000
300439 	-1.000000
300440 	-1.000000
300441 	-1.000000
300442 	-1.000000
300443 	-1.000000
300444 	-1.000000
300445 	-1.000000
300446 	-1.000000
300447 	-1.000000
300448 	-1.000000
300449 	-1.000000
300450 	-0.660442
300451 	-0.608155
300452 	-1.000000
300453 	-1.000000
300455 	-1.000000
300456 	-1.000000
300457 	-1.000000
300458 	-1.000000
300459 	-1.000000
300460 	-1.000000
300461 	-1.000000
300462 	-1.000000
300463 	-0.763450
300464 	0.087706
300465 	-0.265963
300466 	-1.000000
300467 	-0.048182
300468 	-1.000000
300469 	0.018177
300470 	0.360443
300471 	-0.984271
300472 	0.069166
300473 	0.371242
300475 	0.102049
300476 	0.099283
300477 	0.230986
300478 	0.087706
300479 	0.137743
