600000 	1.000000	0.54618	sz50
600010 	1.000000	0.54618	sz50
600015 	1.000000	0.54618	sz50
600016 	1.000000	0.54618	sz50
600018 	1.000000	0.54618	sz50
600028 	1.000000	0.54618	sz50
600030 	1.000000	0.54618	sz50
600036 	1.000000	0.54618	sz50
600048 	1.000000	0.54618	sz50
600050 	1.000000	0.54618	sz50
600089 	1.000000	0.54618	sz50
600104 	-1.000000	0.54618	sz50
600109 	1.000000	0.54618	sz50
600111 	1.000000	0.54618	sz50
600150 	1.000000	0.54618	sz50
600256 	1.000000	0.54618	sz50
600406 	1.000000	0.54618	sz50
600518 	1.000000	0.54618	sz50
600519 	1.000000	0.54618	sz50
600583 	1.000000	0.54618	sz50
600585 	1.000000	0.54618	sz50
600637 	1.000000	0.54618	sz50
600690 	1.000000	0.54618	sz50
600837 	1.000000	0.54618	sz50
600887 	1.000000	0.54618	sz50
600893 	1.000000	0.54618	sz50
600958 	1.000000	0.54618	sz50
600999 	1.000000	0.54618	sz50
601006 	1.000000	0.54618	sz50
601088 	-0.183458	0.54618	sz50
601166 	1.000000	0.54618	sz50
601169 	1.000000	0.54618	sz50
601186 	1.000000	0.54618	sz50
601288 	1.000000	0.54618	sz50
601318 	1.000000	0.54618	sz50
601328 	1.000000	0.54618	sz50
601390 	1.000000	0.54618	sz50
601398 	1.000000	0.54618	sz50
601601 	1.000000	0.54618	sz50
601628 	1.000000	0.54618	sz50
601668 	1.000000	0.54618	sz50
601688 	1.000000	0.54618	sz50
601766 	1.000000	0.54618	sz50
601800 	1.000000	0.54618	sz50
601818 	1.000000	0.54618	sz50
601857 	1.000000	0.54618	sz50
601901 	-0.545602	0.54618	sz50
601988 	1.000000	0.54618	sz50
601989 	-0.339620	0.54618	sz50
601998 	1.000000	0.54618	sz50
300001 	1.000000	0.65138	news
300002 	1.000000	0.65138	news
300003 	1.000000	0.65138	news
300004 	1.000000	0.65138	news
300005 	1.000000	0.65138	news
300006 	1.000000	0.65138	news
300007 	0.391687	0.65138	news
300009 	1.000000	0.65138	news
300010 	1.000000	0.65138	news
300011 	1.000000	0.65138	news
300012 	-0.188271	0.65138	news
300013 	1.000000	0.65138	news
300014 	1.000000	0.65138	news
300015 	1.000000	0.65138	news
300016 	1.000000	0.65138	news
300017 	1.000000	0.65138	news
300018 	1.000000	0.65138	news
300019 	1.000000	0.65138	news
300020 	1.000000	0.65138	news
300021 	1.000000	0.65138	news
300022 	1.000000	0.65138	news
300023 	1.000000	0.65138	news
300024 	1.000000	0.65138	news
300025 	1.000000	0.65138	news
300026 	1.000000	0.65138	news
300027 	1.000000	0.65138	news
300028 	0.228062	0.65138	news
300029 	1.000000	0.65138	news
300030 	0.845810	0.65138	news
300031 	-0.482928	0.65138	news
300032 	1.000000	0.65138	news
300033 	1.000000	0.65138	news
300034 	1.000000	0.65138	news
300036 	1.000000	0.65138	news
300037 	1.000000	0.65138	news
300038 	1.000000	0.65138	news
300039 	1.000000	0.65138	news
300040 	1.000000	0.65138	news
300041 	1.000000	0.65138	news
300042 	1.000000	0.65138	news
300043 	1.000000	0.65138	news
300044 	1.000000	0.65138	news
300045 	1.000000	0.65138	news
300046 	1.000000	0.65138	news
300047 	-0.016733	0.65138	news
300049 	1.000000	0.65138	news
300050 	1.000000	0.65138	news
300051 	1.000000	0.65138	news
300052 	1.000000	0.65138	news
300053 	1.000000	0.65138	news
300054 	1.000000	0.65138	news
300055 	0.368245	0.65138	news
300056 	-0.039683	0.65138	news
300057 	-0.016733	0.65138	news
300058 	1.000000	0.65138	news
300059 	1.000000	0.65138	news
300061 	1.000000	0.65138	news
300062 	1.000000	0.65138	news
300063 	1.000000	0.65138	news
300064 	1.000000	0.65138	news
300065 	1.000000	0.65138	news
300066 	1.000000	0.65138	news
300067 	1.000000	0.65138	news
300068 	1.000000	0.65138	news
300069 	1.000000	0.65138	news
300070 	1.000000	0.65138	news
300072 	1.000000	0.65138	news
300073 	1.000000	0.65138	news
300074 	0.378705	0.65138	news
300075 	1.000000	0.65138	news
300076 	1.000000	0.65138	news
300077 	1.000000	0.65138	news
300078 	1.000000	0.65138	news
300079 	1.000000	0.65138	news
300080 	1.000000	0.65138	news
300081 	1.000000	0.65138	news
300082 	1.000000	0.65138	news
300084 	-0.016733	0.65138	news
300085 	1.000000	0.65138	news
300086 	1.000000	0.65138	news
300088 	1.000000	0.65138	news
300090 	1.000000	0.65138	news
300091 	1.000000	0.65138	news
300092 	1.000000	0.65138	news
300094 	0.484343	0.65138	news
300095 	1.000000	0.65138	news
300097 	1.000000	0.65138	news
300098 	1.000000	0.65138	news
300099 	0.164581	0.65138	news
300100 	1.000000	0.65138	news
300101 	1.000000	0.65138	news
300102 	1.000000	0.65138	news
300103 	1.000000	0.65138	news
300104 	1.000000	0.65138	news
300105 	1.000000	0.65138	news
300106 	1.000000	0.65138	news
300107 	1.000000	0.65138	news
300108 	1.000000	0.65138	news
300109 	-0.149008	0.65138	news
300110 	1.000000	0.65138	news
300111 	1.000000	0.65138	news
300112 	-0.552660	0.65138	news
300114 	1.000000	0.65138	news
300115 	1.000000	0.65138	news
300116 	-0.023217	0.65138	news
300117 	1.000000	0.65138	news
300118 	1.000000	0.65138	news
300119 	1.000000	0.65138	news
300120 	1.000000	0.65138	news
300121 	1.000000	0.65138	news
300122 	1.000000	0.65138	news
300124 	1.000000	0.65138	news
300125 	1.000000	0.65138	news
300126 	-0.402360	0.65138	news
300127 	1.000000	0.65138	news
300128 	1.000000	0.65138	news
300129 	1.000000	0.65138	news
300130 	1.000000	0.65138	news
300131 	1.000000	0.65138	news
300132 	1.000000	0.65138	news
300133 	1.000000	0.65138	news
300134 	1.000000	0.65138	news
300135 	0.047355	0.65138	news
300136 	1.000000	0.65138	news
300137 	1.000000	0.65138	news
300138 	1.000000	0.65138	news
300139 	1.000000	0.65138	news
300140 	1.000000	0.65138	news
300141 	1.000000	0.65138	news
300142 	0.006945	0.65138	news
300144 	-0.201939	0.65138	news
300145 	1.000000	0.65138	news
300146 	1.000000	0.65138	news
300147 	1.000000	0.65138	news
300148 	1.000000	0.65138	news
300149 	1.000000	0.65138	news
300150 	1.000000	0.65138	news
300151 	1.000000	0.65138	news
300152 	-1.000000	0.65138	news
300153 	1.000000	0.65138	news
300154 	1.000000	0.65138	news
300155 	-0.364029	0.65138	news
300156 	1.000000	0.65138	news
300157 	0.330112	0.65138	news
300159 	1.000000	0.65138	news
300160 	1.000000	0.65138	news
300163 	1.000000	0.65138	news
300165 	0.058968	0.65138	news
300166 	1.000000	0.65138	news
300167 	1.000000	0.65138	news
300168 	1.000000	0.65138	news
300169 	1.000000	0.65138	news
300170 	1.000000	0.65138	news
300171 	1.000000	0.65138	news
300172 	1.000000	0.65138	news
300173 	-0.539834	0.65138	news
300174 	-0.345748	0.65138	news
300175 	1.000000	0.65138	news
300176 	1.000000	0.65138	news
300177 	1.000000	0.65138	news
300178 	1.000000	0.65138	news
300179 	1.000000	0.65138	news
300180 	1.000000	0.65138	news
300181 	1.000000	0.65138	news
300182 	1.000000	0.65138	news
300183 	1.000000	0.65138	news
300184 	-0.182125	0.65138	news
300185 	1.000000	0.65138	news
300186 	1.000000	0.65138	news
300187 	1.000000	0.65138	news
300191 	1.000000	0.65138	news
300192 	1.000000	0.65138	news
300193 	1.000000	0.65138	news
300194 	1.000000	0.65138	news
300195 	-0.321726	0.65138	news
300197 	-0.333625	0.65138	news
300198 	1.000000	0.65138	news
300199 	0.854620	0.65138	news
300200 	1.000000	0.65138	news
300201 	1.000000	0.65138	news
300202 	1.000000	0.65138	news
300204 	1.000000	0.65138	news
300205 	1.000000	0.65138	news
300206 	1.000000	0.65138	news
300207 	1.000000	0.65138	news
300208 	1.000000	0.65138	news
300209 	1.000000	0.65138	news
300210 	1.000000	0.65138	news
300211 	1.000000	0.65138	news
300212 	1.000000	0.65138	news
300213 	1.000000	0.65138	news
300215 	-0.137672	0.65138	news
300216 	1.000000	0.65138	news
300217 	1.000000	0.65138	news
300218 	1.000000	0.65138	news
300219 	1.000000	0.65138	news
300220 	-1.000000	0.65138	news
300221 	1.000000	0.65138	news
300222 	1.000000	0.65138	news
300223 	1.000000	0.65138	news
300224 	1.000000	0.65138	news
300225 	1.000000	0.65138	news
300226 	-0.016733	0.65138	news
300227 	1.000000	0.65138	news
300228 	0.440504	0.65138	news
300229 	1.000000	0.65138	news
300230 	1.000000	0.65138	news
300231 	1.000000	0.65138	news
300232 	1.000000	0.65138	news
300233 	1.000000	0.65138	news
300234 	1.000000	0.65138	news
300235 	1.000000	0.65138	news
300236 	1.000000	0.65138	news
300237 	1.000000	0.65138	news
300238 	1.000000	0.65138	news
300239 	0.138288	0.65138	news
300240 	1.000000	0.65138	news
300241 	1.000000	0.65138	news
300242 	1.000000	0.65138	news
300243 	1.000000	0.65138	news
300244 	1.000000	0.65138	news
300245 	1.000000	0.65138	news
300246 	1.000000	0.65138	news
300247 	1.000000	0.65138	news
300248 	1.000000	0.65138	news
300250 	1.000000	0.65138	news
300251 	1.000000	0.65138	news
300252 	1.000000	0.65138	news
300253 	1.000000	0.65138	news
300254 	1.000000	0.65138	news
300255 	-0.016733	0.65138	news
300256 	1.000000	0.65138	news
300257 	1.000000	0.65138	news
300258 	1.000000	0.65138	news
300259 	1.000000	0.65138	news
300260 	1.000000	0.65138	news
300261 	1.000000	0.65138	news
300262 	1.000000	0.65138	news
300263 	1.000000	0.65138	news
300264 	1.000000	0.65138	news
300265 	1.000000	0.65138	news
300266 	-0.016733	0.65138	news
300267 	1.000000	0.65138	news
300268 	1.000000	0.65138	news
300269 	1.000000	0.65138	news
300270 	1.000000	0.65138	news
300271 	1.000000	0.65138	news
300272 	1.000000	0.65138	news
300273 	1.000000	0.65138	news
300274 	1.000000	0.65138	news
300275 	1.000000	0.65138	news
300276 	1.000000	0.65138	news
300277 	1.000000	0.65138	news
300280 	1.000000	0.65138	news
300281 	1.000000	0.65138	news
300282 	1.000000	0.65138	news
300283 	1.000000	0.65138	news
300284 	1.000000	0.65138	news
300285 	1.000000	0.65138	news
300286 	1.000000	0.65138	news
300287 	-0.016733	0.65138	news
300288 	1.000000	0.65138	news
300289 	1.000000	0.65138	news
300290 	1.000000	0.65138	news
300291 	1.000000	0.65138	news
300292 	1.000000	0.65138	news
300293 	1.000000	0.65138	news
300295 	1.000000	0.65138	news
300296 	1.000000	0.65138	news
300298 	1.000000	0.65138	news
300299 	1.000000	0.65138	news
300300 	1.000000	0.65138	news
300301 	1.000000	0.65138	news
300302 	1.000000	0.65138	news
300303 	1.000000	0.65138	news
300304 	-0.715840	0.65138	news
300305 	1.000000	0.65138	news
300306 	1.000000	0.65138	news
300307 	1.000000	0.65138	news
300308 	1.000000	0.65138	news
300309 	1.000000	0.65138	news
300310 	-0.037698	0.65138	news
300311 	0.282385	0.65138	news
300312 	1.000000	0.65138	news
300313 	1.000000	0.65138	news
300314 	1.000000	0.65138	news
300315 	1.000000	0.65138	news
300316 	-0.868827	0.65138	news
300317 	1.000000	0.65138	news
300318 	1.000000	0.65138	news
300319 	1.000000	0.65138	news
300320 	-0.187902	0.65138	news
300321 	1.000000	0.65138	news
300322 	1.000000	0.65138	news
300324 	1.000000	0.65138	news
300325 	1.000000	0.65138	news
300326 	1.000000	0.65138	news
300327 	1.000000	0.65138	news
300328 	1.000000	0.65138	news
300329 	1.000000	0.65138	news
300330 	1.000000	0.65138	news
300331 	1.000000	0.65138	news
300332 	1.000000	0.65138	news
300333 	1.000000	0.65138	news
300334 	1.000000	0.65138	news
300335 	1.000000	0.65138	news
300336 	1.000000	0.65138	news
300337 	1.000000	0.65138	news
300338 	1.000000	0.65138	news
300339 	1.000000	0.65138	news
300340 	1.000000	0.65138	news
300341 	1.000000	0.65138	news
300342 	-0.116399	0.65138	news
300343 	1.000000	0.65138	news
300344 	1.000000	0.65138	news
300345 	1.000000	0.65138	news
300346 	-0.221930	0.65138	news
300347 	1.000000	0.65138	news
300348 	1.000000	0.65138	news
300349 	0.135693	0.65138	news
300350 	1.000000	0.65138	news
300351 	1.000000	0.65138	news
300352 	1.000000	0.65138	news
300353 	-0.016733	0.65138	news
300354 	1.000000	0.65138	news
300355 	1.000000	0.65138	news
300356 	1.000000	0.65138	news
300357 	1.000000	0.65138	news
300358 	1.000000	0.65138	news
300359 	1.000000	0.65138	news
300360 	-0.334975	0.65138	news
300362 	1.000000	0.65138	news
300363 	1.000000	0.65138	news
300364 	1.000000	0.65138	news
300365 	0.426006	0.65138	news
300366 	1.000000	0.65138	news
300367 	1.000000	0.65138	news
300368 	-0.011511	0.65138	news
300369 	1.000000	0.65138	news
300370 	1.000000	0.65138	news
300371 	0.021863	0.65138	news
300372 	1.000000	0.65138	news
300373 	0.011550	0.65138	news
300374 	1.000000	0.65138	news
300375 	1.000000	0.65138	news
300376 	1.000000	0.65138	news
300378 	1.000000	0.65138	news
300379 	1.000000	0.65138	news
300380 	1.000000	0.65138	news
300382 	1.000000	0.65138	news
300383 	-0.196349	0.65138	news
300384 	1.000000	0.65138	news
300385 	0.428697	0.65138	news
300386 	1.000000	0.65138	news
300388 	1.000000	0.65138	news
300389 	-0.086031	0.65138	news
300390 	1.000000	0.65138	news
300391 	1.000000	0.65138	news
300392 	1.000000	0.65138	news
300393 	1.000000	0.65138	news
300394 	1.000000	0.65138	news
300395 	1.000000	0.65138	news
300396 	1.000000	0.65138	news
300397 	1.000000	0.65138	news
300398 	1.000000	0.65138	news
300399 	-0.016733	0.65138	news
300400 	1.000000	0.65138	news
300401 	1.000000	0.65138	news
300402 	0.254746	0.65138	news
300403 	1.000000	0.65138	news
300404 	1.000000	0.65138	news
300405 	1.000000	0.65138	news
300406 	1.000000	0.65138	news
300407 	1.000000	0.65138	news
300408 	1.000000	0.65138	news
300409 	1.000000	0.65138	news
300410 	1.000000	0.65138	news
300411 	0.361543	0.65138	news
300412 	1.000000	0.65138	news
300413 	1.000000	0.65138	news
300414 	1.000000	0.65138	news
300415 	1.000000	0.65138	news
300416 	1.000000	0.65138	news
300417 	1.000000	0.65138	news
300422 	1.000000	0.65138	news
300423 	1.000000	0.65138	news
300424 	1.000000	0.65138	news
300425 	-0.474030	0.65138	news
300426 	1.000000	0.65138	news
300427 	1.000000	0.65138	news
300428 	1.000000	0.65138	news
300429 	1.000000	0.65138	news
300430 	1.000000	0.65138	news
300431 	-0.763184	0.65138	news
300432 	1.000000	0.65138	news
300433 	1.000000	0.65138	news
300434 	1.000000	0.65138	news
300435 	1.000000	0.65138	news
300436 	1.000000	0.65138	news
300437 	1.000000	0.65138	news
300438 	1.000000	0.65138	news
300439 	1.000000	0.65138	news
300440 	1.000000	0.65138	news
300441 	1.000000	0.65138	news
300442 	1.000000	0.65138	news
300443 	1.000000	0.65138	news
300444 	1.000000	0.65138	news
300445 	1.000000	0.65138	news
300446 	1.000000	0.65138	news
300447 	1.000000	0.65138	news
300448 	1.000000	0.65138	news
300449 	1.000000	0.65138	news
300450 	1.000000	0.65138	news
300451 	1.000000	0.65138	news
300452 	1.000000	0.65138	news
300453 	1.000000	0.65138	news
300455 	1.000000	0.65138	news
300456 	1.000000	0.65138	news
300457 	1.000000	0.65138	news
300458 	1.000000	0.65138	news
300459 	1.000000	0.65138	news
300460 	1.000000	0.65138	news
300461 	1.000000	0.65138	news
300462 	1.000000	0.65138	news
300463 	1.000000	0.65138	news
300464 	-0.319858	0.65138	news
300465 	1.000000	0.65138	news
300466 	1.000000	0.65138	news
300467 	-0.016733	0.65138	news
300468 	1.000000	0.65138	news
300469 	0.246494	0.65138	news
300470 	0.732604	0.65138	news
300471 	1.000000	0.65138	news
300472 	-1.000000	0.65138	news
300473 	0.713850	0.65138	news
300475 	1.000000	0.65138	news
300476 	0.568215	0.65138	news
300477 	1.000000	0.65138	news
300478 	-0.319858	0.65138	news
300479 	0.324215	0.65138	news
000006 	1.000000	0.86159	zz500
000012 	1.000000	0.86159	zz500
000021 	1.000000	0.86159	zz500
000028 	1.000000	0.86159	zz500
000030 	1.000000	0.86159	zz500
000031 	1.000000	0.86159	zz500
000049 	1.000000	0.86159	zz500
000062 	1.000000	0.86159	zz500
000066 	1.000000	0.86159	zz500
000078 	1.000000	0.86159	zz500
000088 	1.000000	0.86159	zz500
000090 	1.000000	0.86159	zz500
000099 	1.000000	0.86159	zz500
000401 	1.000000	0.86159	zz500
000415 	1.000000	0.86159	zz500
000417 	1.000000	0.86159	zz500
000418 	1.000000	0.86159	zz500
000422 	1.000000	0.86159	zz500
000426 	1.000000	0.86159	zz500
000488 	1.000000	0.86159	zz500
000501 	1.000000	0.86159	zz500
000511 	1.000000	0.86159	zz500
000513 	1.000000	0.86159	zz500
000519 	0.607670	0.86159	zz500
000525 	1.000000	0.86159	zz500
000528 	1.000000	0.86159	zz500
000540 	1.000000	0.86159	zz500
000541 	1.000000	0.86159	zz500
000543 	0.056364	0.86159	zz500
000547 	1.000000	0.86159	zz500
000550 	1.000000	0.86159	zz500
000552 	1.000000	0.86159	zz500
000563 	1.000000	0.86159	zz500
000566 	1.000000	0.86159	zz500
000572 	1.000000	0.86159	zz500
000582 	1.000000	0.86159	zz500
000587 	1.000000	0.86159	zz500
000592 	1.000000	0.86159	zz500
000596 	1.000000	0.86159	zz500
000600 	1.000000	0.86159	zz500
000603 	1.000000	0.86159	zz500
000612 	1.000000	0.86159	zz500
000616 	1.000000	0.86159	zz500
000620 	1.000000	0.86159	zz500
000631 	1.000000	0.86159	zz500
000636 	1.000000	0.86159	zz500
000650 	0.486889	0.86159	zz500
000652 	1.000000	0.86159	zz500
000656 	1.000000	0.86159	zz500
000661 	1.000000	0.86159	zz500
000667 	1.000000	0.86159	zz500
000671 	1.000000	0.86159	zz500
000680 	1.000000	0.86159	zz500
000681 	1.000000	0.86159	zz500
000685 	1.000000	0.86159	zz500
000688 	-0.073691	0.86159	zz500
000690 	1.000000	0.86159	zz500
000693 	1.000000	0.86159	zz500
000703 	1.000000	0.86159	zz500
000718 	1.000000	0.86159	zz500
000719 	1.000000	0.86159	zz500
000726 	1.000000	0.86159	zz500
000732 	0.724770	0.86159	zz500
000735 	1.000000	0.86159	zz500
000748 	1.000000	0.86159	zz500
000758 	1.000000	0.86159	zz500
000762 	1.000000	0.86159	zz500
000777 	1.000000	0.86159	zz500
000780 	1.000000	0.86159	zz500
000816 	1.000000	0.86159	zz500
000823 	1.000000	0.86159	zz500
000829 	1.000000	0.86159	zz500
000830 	1.000000	0.86159	zz500
000848 	1.000000	0.86159	zz500
000852 	1.000000	0.86159	zz500
000860 	1.000000	0.86159	zz500
000861 	1.000000	0.86159	zz500
000869 	1.000000	0.86159	zz500
000877 	1.000000	0.86159	zz500
000887 	1.000000	0.86159	zz500
000897 	1.000000	0.86159	zz500
000900 	1.000000	0.86159	zz500
000919 	1.000000	0.86159	zz500
000921 	1.000000	0.86159	zz500
000926 	1.000000	0.86159	zz500
000930 	1.000000	0.86159	zz500
000931 	1.000000	0.86159	zz500
000933 	1.000000	0.86159	zz500
000939 	1.000000	0.86159	zz500
000951 	1.000000	0.86159	zz500
000961 	1.000000	0.86159	zz500
000962 	1.000000	0.86159	zz500
000969 	1.000000	0.86159	zz500
000973 	1.000000	0.86159	zz500
000975 	1.000000	0.86159	zz500
000988 	1.000000	0.86159	zz500
000997 	1.000000	0.86159	zz500
000998 	1.000000	0.86159	zz500
001696 	1.000000	0.86159	zz500
002004 	1.000000	0.86159	zz500
002005 	1.000000	0.86159	zz500
002011 	1.000000	0.86159	zz500
002013 	1.000000	0.86159	zz500
002018 	0.475562	0.86159	zz500
002022 	1.000000	0.86159	zz500
002025 	1.000000	0.86159	zz500
002028 	1.000000	0.86159	zz500
002029 	1.000000	0.86159	zz500
002030 	1.000000	0.86159	zz500
002041 	1.000000	0.86159	zz500
002048 	1.000000	0.86159	zz500
002049 	1.000000	0.86159	zz500
002050 	1.000000	0.86159	zz500
002056 	1.000000	0.86159	zz500
002063 	1.000000	0.86159	zz500
002064 	1.000000	0.86159	zz500
002073 	1.000000	0.86159	zz500
002078 	1.000000	0.86159	zz500
002092 	1.000000	0.86159	zz500
002093 	1.000000	0.86159	zz500
002118 	1.000000	0.86159	zz500
002122 	1.000000	0.86159	zz500
002128 	1.000000	0.86159	zz500
002140 	1.000000	0.86159	zz500
002143 	1.000000	0.86159	zz500
002155 	1.000000	0.86159	zz500
002161 	1.000000	0.86159	zz500
002168 	1.000000	0.86159	zz500
002174 	1.000000	0.86159	zz500
002179 	1.000000	0.86159	zz500
002181 	1.000000	0.86159	zz500
002190 	1.000000	0.86159	zz500
002191 	1.000000	0.86159	zz500
002194 	1.000000	0.86159	zz500
002195 	1.000000	0.86159	zz500
002204 	1.000000	0.86159	zz500
002216 	1.000000	0.86159	zz500
002219 	1.000000	0.86159	zz500
002221 	1.000000	0.86159	zz500
002223 	0.607226	0.86159	zz500
002225 	1.000000	0.86159	zz500
002233 	1.000000	0.86159	zz500
002237 	1.000000	0.86159	zz500
002238 	1.000000	0.86159	zz500
002240 	1.000000	0.86159	zz500
002242 	0.092857	0.86159	zz500
002244 	1.000000	0.86159	zz500
002249 	1.000000	0.86159	zz500
002250 	1.000000	0.86159	zz500
002251 	1.000000	0.86159	zz500
002254 	1.000000	0.86159	zz500
002266 	1.000000	0.86159	zz500
002267 	1.000000	0.86159	zz500
002271 	1.000000	0.86159	zz500
002273 	1.000000	0.86159	zz500
002275 	1.000000	0.86159	zz500
002276 	1.000000	0.86159	zz500
002277 	1.000000	0.86159	zz500
002281 	1.000000	0.86159	zz500
002285 	1.000000	0.86159	zz500
002293 	1.000000	0.86159	zz500
002299 	1.000000	0.86159	zz500
002308 	0.834483	0.86159	zz500
002309 	0.151527	0.86159	zz500
002311 	1.000000	0.86159	zz500
002315 	1.000000	0.86159	zz500
002317 	1.000000	0.86159	zz500
002325 	0.151527	0.86159	zz500
002327 	1.000000	0.86159	zz500
002332 	1.000000	0.86159	zz500
002340 	1.000000	0.86159	zz500
002342 	1.000000	0.86159	zz500
002358 	1.000000	0.86159	zz500
002371 	1.000000	0.86159	zz500
002373 	1.000000	0.86159	zz500
002384 	1.000000	0.86159	zz500
002390 	1.000000	0.86159	zz500
002392 	1.000000	0.86159	zz500
002393 	1.000000	0.86159	zz500
002396 	1.000000	0.86159	zz500
002400 	1.000000	0.86159	zz500
002405 	0.228172	0.86159	zz500
002408 	1.000000	0.86159	zz500
002419 	1.000000	0.86159	zz500
002424 	1.000000	0.86159	zz500
002428 	1.000000	0.86159	zz500
002430 	1.000000	0.86159	zz500
002431 	1.000000	0.86159	zz500
002437 	1.000000	0.86159	zz500
002440 	1.000000	0.86159	zz500
002444 	1.000000	0.86159	zz500
002461 	0.151527	0.86159	zz500
002463 	1.000000	0.86159	zz500
002466 	1.000000	0.86159	zz500
002477 	1.000000	0.86159	zz500
002479 	1.000000	0.86159	zz500
002480 	1.000000	0.86159	zz500
002482 	1.000000	0.86159	zz500
002489 	1.000000	0.86159	zz500
002490 	1.000000	0.86159	zz500
002503 	1.000000	0.86159	zz500
002508 	1.000000	0.86159	zz500
002551 	1.000000	0.86159	zz500
002557 	1.000000	0.86159	zz500
002573 	1.000000	0.86159	zz500
002574 	0.151527	0.86159	zz500
002588 	1.000000	0.86159	zz500
002595 	0.725058	0.86159	zz500
002635 	1.000000	0.86159	zz500
002642 	1.000000	0.86159	zz500
002646 	1.000000	0.86159	zz500
002648 	1.000000	0.86159	zz500
002663 	1.000000	0.86159	zz500
002665 	1.000000	0.86159	zz500
002672 	1.000000	0.86159	zz500
002678 	1.000000	0.86159	zz500
002681 	1.000000	0.86159	zz500
002698 	1.000000	0.86159	zz500
002701 	1.000000	0.86159	zz500
002705 	1.000000	0.86159	zz500
300033 	1.000000	0.86159	zz500
300039 	1.000000	0.86159	zz500
300043 	1.000000	0.86159	zz500
300072 	1.000000	0.86159	zz500
300088 	1.000000	0.86159	zz500
300115 	1.000000	0.86159	zz500
300134 	1.000000	0.86159	zz500
300144 	1.000000	0.86159	zz500
300147 	1.000000	0.86159	zz500
300199 	-0.148647	0.86159	zz500
300202 	1.000000	0.86159	zz500
300244 	1.000000	0.86159	zz500
300253 	1.000000	0.86159	zz500
300267 	1.000000	0.86159	zz500
300273 	1.000000	0.86159	zz500
300274 	1.000000	0.86159	zz500
300291 	1.000000	0.86159	zz500
600004 	1.000000	0.86159	zz500
600006 	1.000000	0.86159	zz500
600017 	1.000000	0.86159	zz500
600021 	1.000000	0.86159	zz500
600026 	1.000000	0.86159	zz500
600037 	1.000000	0.86159	zz500
600039 	1.000000	0.86159	zz500
600056 	1.000000	0.86159	zz500
600058 	1.000000	0.86159	zz500
600059 	1.000000	0.86159	zz500
600062 	1.000000	0.86159	zz500
600064 	1.000000	0.86159	zz500
600067 	1.000000	0.86159	zz500
600073 	1.000000	0.86159	zz500
600079 	1.000000	0.86159	zz500
600086 	1.000000	0.86159	zz500
600088 	1.000000	0.86159	zz500
600110 	-0.320548	0.86159	zz500
600112 	1.000000	0.86159	zz500
600120 	1.000000	0.86159	zz500
600122 	1.000000	0.86159	zz500
600125 	1.000000	0.86159	zz500
600132 	1.000000	0.86159	zz500
600138 	1.000000	0.86159	zz500
600141 	1.000000	0.86159	zz500
600143 	1.000000	0.86159	zz500
600151 	1.000000	0.86159	zz500
600158 	1.000000	0.86159	zz500
600160 	1.000000	0.86159	zz500
600161 	1.000000	0.86159	zz500
600169 	1.000000	0.86159	zz500
600171 	1.000000	0.86159	zz500
600175 	1.000000	0.86159	zz500
600176 	1.000000	0.86159	zz500
600180 	1.000000	0.86159	zz500
600183 	1.000000	0.86159	zz500
600184 	1.000000	0.86159	zz500
600187 	1.000000	0.86159	zz500
600195 	1.000000	0.86159	zz500
600198 	1.000000	0.86159	zz500
600199 	1.000000	0.86159	zz500
600200 	1.000000	0.86159	zz500
600201 	1.000000	0.86159	zz500
600216 	1.000000	0.86159	zz500
600219 	1.000000	0.86159	zz500
600220 	1.000000	0.86159	zz500
600240 	1.000000	0.86159	zz500
600251 	1.000000	0.86159	zz500
600259 	1.000000	0.86159	zz500
600260 	1.000000	0.86159	zz500
600261 	1.000000	0.86159	zz500
600267 	1.000000	0.86159	zz500
600270 	1.000000	0.86159	zz500
600280 	1.000000	0.86159	zz500
600284 	1.000000	0.86159	zz500
600289 	1.000000	0.86159	zz500
600292 	1.000000	0.86159	zz500
600298 	1.000000	0.86159	zz500
600300 	1.000000	0.86159	zz500
600312 	1.000000	0.86159	zz500
600320 	1.000000	0.86159	zz500
600325 	1.000000	0.86159	zz500
600329 	1.000000	0.86159	zz500
600335 	0.161822	0.86159	zz500
600337 	1.000000	0.86159	zz500
600351 	1.000000	0.86159	zz500
600376 	1.000000	0.86159	zz500
600380 	1.000000	0.86159	zz500
600387 	0.151527	0.86159	zz500
600389 	1.000000	0.86159	zz500
600392 	1.000000	0.86159	zz500
600395 	-0.798456	0.86159	zz500
600397 	1.000000	0.86159	zz500
600403 	1.000000	0.86159	zz500
600409 	1.000000	0.86159	zz500
600418 	1.000000	0.86159	zz500
600422 	1.000000	0.86159	zz500
600425 	1.000000	0.86159	zz500
600426 	1.000000	0.86159	zz500
600428 	1.000000	0.86159	zz500
600429 	1.000000	0.86159	zz500
600433 	1.000000	0.86159	zz500
600435 	1.000000	0.86159	zz500
600436 	1.000000	0.86159	zz500
600446 	1.000000	0.86159	zz500
600456 	1.000000	0.86159	zz500
600458 	1.000000	0.86159	zz500
600460 	1.000000	0.86159	zz500
600468 	1.000000	0.86159	zz500
600478 	1.000000	0.86159	zz500
600481 	1.000000	0.86159	zz500
600487 	1.000000	0.86159	zz500
600488 	1.000000	0.86159	zz500
600496 	1.000000	0.86159	zz500
600498 	1.000000	0.86159	zz500
600499 	-0.078683	0.86159	zz500
600500 	1.000000	0.86159	zz500
600507 	1.000000	0.86159	zz500
600509 	1.000000	0.86159	zz500
600510 	1.000000	0.86159	zz500
600511 	1.000000	0.86159	zz500
600517 	1.000000	0.86159	zz500
600521 	1.000000	0.86159	zz500
600522 	1.000000	0.86159	zz500
600525 	1.000000	0.86159	zz500
600528 	1.000000	0.86159	zz500
600536 	1.000000	0.86159	zz500
600537 	1.000000	0.86159	zz500
600545 	1.000000	0.86159	zz500
600546 	1.000000	0.86159	zz500
600551 	1.000000	0.86159	zz500
600557 	1.000000	0.86159	zz500
600563 	1.000000	0.86159	zz500
600566 	1.000000	0.86159	zz500
600572 	1.000000	0.86159	zz500
600580 	1.000000	0.86159	zz500
600584 	1.000000	0.86159	zz500
600586 	1.000000	0.86159	zz500
600594 	1.000000	0.86159	zz500
600596 	1.000000	0.86159	zz500
600601 	1.000000	0.86159	zz500
600611 	1.000000	0.86159	zz500
600614 	1.000000	0.86159	zz500
600617 	1.000000	0.86159	zz500
600618 	1.000000	0.86159	zz500
600628 	1.000000	0.86159	zz500
600635 	1.000000	0.86159	zz500
600636 	1.000000	0.86159	zz500
600639 	1.000000	0.86159	zz500
600640 	1.000000	0.86159	zz500
600643 	1.000000	0.86159	zz500
600651 	1.000000	0.86159	zz500
600654 	1.000000	0.86159	zz500
600655 	1.000000	0.86159	zz500
600657 	1.000000	0.86159	zz500
600664 	1.000000	0.86159	zz500
600673 	1.000000	0.86159	zz500
600675 	1.000000	0.86159	zz500
600685 	1.000000	0.86159	zz500
600694 	1.000000	0.86159	zz500
600699 	1.000000	0.86159	zz500
600702 	1.000000	0.86159	zz500
600704 	1.000000	0.86159	zz500
600720 	1.000000	0.86159	zz500
600729 	1.000000	0.86159	zz500
600736 	1.000000	0.86159	zz500
600737 	1.000000	0.86159	zz500
600743 	1.000000	0.86159	zz500
600747 	1.000000	0.86159	zz500
600748 	1.000000	0.86159	zz500
600750 	1.000000	0.86159	zz500
600754 	1.000000	0.86159	zz500
600755 	1.000000	0.86159	zz500
600757 	1.000000	0.86159	zz500
600759 	1.000000	0.86159	zz500
600761 	1.000000	0.86159	zz500
600765 	1.000000	0.86159	zz500
600770 	1.000000	0.86159	zz500
600773 	1.000000	0.86159	zz500
600776 	1.000000	0.86159	zz500
600780 	1.000000	0.86159	zz500
600787 	1.000000	0.86159	zz500
600797 	1.000000	0.86159	zz500
600801 	1.000000	0.86159	zz500
600803 	1.000000	0.86159	zz500
600805 	1.000000	0.86159	zz500
600808 	1.000000	0.86159	zz500
600811 	1.000000	0.86159	zz500
600812 	1.000000	0.86159	zz500
600816 	1.000000	0.86159	zz500
600823 	1.000000	0.86159	zz500
600825 	1.000000	0.86159	zz500
600826 	1.000000	0.86159	zz500
600831 	1.000000	0.86159	zz500
600835 	1.000000	0.86159	zz500
600850 	1.000000	0.86159	zz500
600851 	1.000000	0.86159	zz500
600859 	1.000000	0.86159	zz500
600864 	1.000000	0.86159	zz500
600874 	1.000000	0.86159	zz500
600880 	1.000000	0.86159	zz500
600881 	1.000000	0.86159	zz500
600884 	1.000000	0.86159	zz500
600885 	1.000000	0.86159	zz500
600894 	1.000000	0.86159	zz500
600895 	1.000000	0.86159	zz500
600917 	1.000000	0.86159	zz500
600970 	1.000000	0.86159	zz500
600971 	1.000000	0.86159	zz500
600978 	0.701103	0.86159	zz500
600983 	1.000000	0.86159	zz500
600993 	1.000000	0.86159	zz500
600997 	1.000000	0.86159	zz500
601000 	1.000000	0.86159	zz500
601001 	1.000000	0.86159	zz500
601002 	1.000000	0.86159	zz500
601005 	1.000000	0.86159	zz500
601010 	1.000000	0.86159	zz500
601012 	1.000000	0.86159	zz500
601101 	1.000000	0.86159	zz500
601126 	1.000000	0.86159	zz500
601139 	1.000000	0.86159	zz500
601208 	1.000000	0.86159	zz500
601226 	1.000000	0.86159	zz500
601233 	1.000000	0.86159	zz500
601311 	0.905486	0.86159	zz500
601369 	1.000000	0.86159	zz500
601515 	1.000000	0.86159	zz500
601608 	1.000000	0.86159	zz500
601666 	0.727893	0.86159	zz500
601678 	1.000000	0.86159	zz500
601717 	1.000000	0.86159	zz500
601718 	0.414843	0.86159	zz500
601777 	1.000000	0.86159	zz500
601801 	1.000000	0.86159	zz500
601880 	1.000000	0.86159	zz500
601886 	1.000000	0.86159	zz500
601908 	1.000000	0.86159	zz500
601965 	1.000000	0.86159	zz500
601999 	1.000000	0.86159	zz500
603001 	1.000000	0.86159	zz500
603005 	1.000000	0.86159	zz500
603019 	1.000000	0.86159	zz500
603077 	1.000000	0.86159	zz500
603169 	1.000000	0.86159	zz500
603188 	1.000000	0.86159	zz500
603328 	1.000000	0.86159	zz500
603366 	1.000000	0.86159	zz500
603369 	1.000000	0.86159	zz500
603555 	1.000000	0.86159	zz500
603698 	1.000000	0.86159	zz500
603699 	1.000000	0.86159	zz500
603766 	1.000000	0.86159	zz500
603899 	1.000000	0.86159	zz500
000001 	1.000000	0.57819	hs300
000002 	1.000000	0.57819	hs300
000009 	1.000000	0.57819	hs300
000027 	1.000000	0.57819	hs300
000039 	1.000000	0.57819	hs300
000060 	1.000000	0.57819	hs300
000061 	1.000000	0.57819	hs300
000063 	1.000000	0.57819	hs300
000069 	1.000000	0.57819	hs300
000100 	1.000000	0.57819	hs300
000156 	1.000000	0.57819	hs300
000157 	1.000000	0.57819	hs300
000166 	1.000000	0.57819	hs300
000333 	1.000000	0.57819	hs300
000338 	1.000000	0.57819	hs300
000400 	1.000000	0.57819	hs300
000402 	1.000000	0.57819	hs300
000413 	1.000000	0.57819	hs300
000423 	1.000000	0.57819	hs300
000425 	1.000000	0.57819	hs300
000503 	1.000000	0.57819	hs300
000538 	1.000000	0.57819	hs300
000559 	1.000000	0.57819	hs300
000568 	1.000000	0.57819	hs300
000581 	1.000000	0.57819	hs300
000598 	1.000000	0.57819	hs300
000623 	1.000000	0.57819	hs300
000625 	1.000000	0.57819	hs300
000629 	1.000000	0.57819	hs300
000651 	1.000000	0.57819	hs300
000686 	1.000000	0.57819	hs300
000709 	1.000000	0.57819	hs300
000725 	1.000000	0.57819	hs300
000728 	1.000000	0.57819	hs300
000729 	1.000000	0.57819	hs300
000738 	1.000000	0.57819	hs300
000750 	1.000000	0.57819	hs300
000768 	1.000000	0.57819	hs300
000776 	1.000000	0.57819	hs300
000778 	-0.203242	0.57819	hs300
000783 	1.000000	0.57819	hs300
000792 	1.000000	0.57819	hs300
000800 	1.000000	0.57819	hs300
000825 	1.000000	0.57819	hs300
000826 	1.000000	0.57819	hs300
000831 	1.000000	0.57819	hs300
000839 	-1.000000	0.57819	hs300
000858 	1.000000	0.57819	hs300
000876 	1.000000	0.57819	hs300
000878 	0.548578	0.57819	hs300
000883 	1.000000	0.57819	hs300
000895 	1.000000	0.57819	hs300
000898 	1.000000	0.57819	hs300
000937 	1.000000	0.57819	hs300
000960 	1.000000	0.57819	hs300
000963 	-1.000000	0.57819	hs300
000970 	1.000000	0.57819	hs300
000983 	1.000000	0.57819	hs300
000999 	1.000000	0.57819	hs300
002001 	1.000000	0.57819	hs300
002007 	1.000000	0.57819	hs300
002008 	1.000000	0.57819	hs300
002024 	1.000000	0.57819	hs300
002038 	1.000000	0.57819	hs300
002051 	1.000000	0.57819	hs300
002065 	1.000000	0.57819	hs300
002081 	1.000000	0.57819	hs300
002129 	1.000000	0.57819	hs300
002142 	-1.000000	0.57819	hs300
002146 	1.000000	0.57819	hs300
002153 	1.000000	0.57819	hs300
002202 	1.000000	0.57819	hs300
002230 	1.000000	0.57819	hs300
002236 	1.000000	0.57819	hs300
002241 	1.000000	0.57819	hs300
002252 	1.000000	0.57819	hs300
002294 	1.000000	0.57819	hs300
002304 	1.000000	0.57819	hs300
002344 	1.000000	0.57819	hs300
002375 	-0.463597	0.57819	hs300
002385 	1.000000	0.57819	hs300
002399 	1.000000	0.57819	hs300
002410 	1.000000	0.57819	hs300
002415 	1.000000	0.57819	hs300
002422 	1.000000	0.57819	hs300
002450 	1.000000	0.57819	hs300
002456 	1.000000	0.57819	hs300
002465 	1.000000	0.57819	hs300
002470 	1.000000	0.57819	hs300
002475 	1.000000	0.57819	hs300
002500 	1.000000	0.57819	hs300
002570 	1.000000	0.57819	hs300
002594 	1.000000	0.57819	hs300
002653 	1.000000	0.57819	hs300
002673 	1.000000	0.57819	hs300
300003 	1.000000	0.57819	hs300
300015 	1.000000	0.57819	hs300
300017 	1.000000	0.57819	hs300
300024 	1.000000	0.57819	hs300
300027 	1.000000	0.57819	hs300
300058 	1.000000	0.57819	hs300
300070 	1.000000	0.57819	hs300
300124 	1.000000	0.57819	hs300
300133 	1.000000	0.57819	hs300
300146 	1.000000	0.57819	hs300
300251 	1.000000	0.57819	hs300
600000 	1.000000	0.57819	hs300
600008 	1.000000	0.57819	hs300
600009 	1.000000	0.57819	hs300
600010 	1.000000	0.57819	hs300
600011 	1.000000	0.57819	hs300
600015 	1.000000	0.57819	hs300
600016 	1.000000	0.57819	hs300
600018 	1.000000	0.57819	hs300
600019 	1.000000	0.57819	hs300
600023 	1.000000	0.57819	hs300
600027 	1.000000	0.57819	hs300
600028 	1.000000	0.57819	hs300
600029 	1.000000	0.57819	hs300
600030 	1.000000	0.57819	hs300
600031 	1.000000	0.57819	hs300
600036 	1.000000	0.57819	hs300
600038 	1.000000	0.57819	hs300
600048 	1.000000	0.57819	hs300
600050 	1.000000	0.57819	hs300
600060 	1.000000	0.57819	hs300
600066 	1.000000	0.57819	hs300
600068 	1.000000	0.57819	hs300
600085 	1.000000	0.57819	hs300
600089 	1.000000	0.57819	hs300
600100 	1.000000	0.57819	hs300
600104 	1.000000	0.57819	hs300
600108 	1.000000	0.57819	hs300
600109 	1.000000	0.57819	hs300
600111 	1.000000	0.57819	hs300
600115 	1.000000	0.57819	hs300
600118 	1.000000	0.57819	hs300
600150 	1.000000	0.57819	hs300
600153 	-1.000000	0.57819	hs300
600157 	1.000000	0.57819	hs300
600166 	1.000000	0.57819	hs300
600170 	1.000000	0.57819	hs300
600177 	1.000000	0.57819	hs300
600188 	1.000000	0.57819	hs300
600196 	1.000000	0.57819	hs300
600208 	1.000000	0.57819	hs300
600221 	1.000000	0.57819	hs300
600252 	1.000000	0.57819	hs300
600256 	1.000000	0.57819	hs300
600271 	1.000000	0.57819	hs300
600276 	1.000000	0.57819	hs300
600309 	1.000000	0.57819	hs300
600315 	1.000000	0.57819	hs300
600316 	1.000000	0.57819	hs300
600332 	1.000000	0.57819	hs300
600340 	1.000000	0.57819	hs300
600348 	1.000000	0.57819	hs300
600352 	1.000000	0.57819	hs300
600362 	1.000000	0.57819	hs300
600369 	1.000000	0.57819	hs300
600372 	1.000000	0.57819	hs300
600373 	1.000000	0.57819	hs300
600383 	1.000000	0.57819	hs300
600398 	1.000000	0.57819	hs300
600406 	1.000000	0.57819	hs300
600415 	1.000000	0.57819	hs300
600485 	1.000000	0.57819	hs300
600489 	1.000000	0.57819	hs300
600497 	1.000000	0.57819	hs300
600516 	1.000000	0.57819	hs300
600518 	1.000000	0.57819	hs300
600519 	1.000000	0.57819	hs300
600535 	1.000000	0.57819	hs300
600547 	1.000000	0.57819	hs300
600549 	1.000000	0.57819	hs300
600570 	1.000000	0.57819	hs300
600578 	1.000000	0.57819	hs300
600583 	1.000000	0.57819	hs300
600585 	1.000000	0.57819	hs300
600588 	1.000000	0.57819	hs300
600597 	1.000000	0.57819	hs300
600600 	1.000000	0.57819	hs300
600633 	1.000000	0.57819	hs300
600637 	1.000000	0.57819	hs300
600642 	1.000000	0.57819	hs300
600648 	1.000000	0.57819	hs300
600649 	-0.074923	0.57819	hs300
600660 	1.000000	0.57819	hs300
600663 	1.000000	0.57819	hs300
600674 	1.000000	0.57819	hs300
600688 	1.000000	0.57819	hs300
600690 	1.000000	0.57819	hs300
600703 	1.000000	0.57819	hs300
600705 	1.000000	0.57819	hs300
600718 	1.000000	0.57819	hs300
600739 	1.000000	0.57819	hs300
600741 	1.000000	0.57819	hs300
600783 	1.000000	0.57819	hs300
600795 	1.000000	0.57819	hs300
600804 	1.000000	0.57819	hs300
600809 	1.000000	0.57819	hs300
600827 	1.000000	0.57819	hs300
600837 	1.000000	0.57819	hs300
600839 	1.000000	0.57819	hs300
600863 	1.000000	0.57819	hs300
600867 	1.000000	0.57819	hs300
600873 	1.000000	0.57819	hs300
600875 	1.000000	0.57819	hs300
600886 	-1.000000	0.57819	hs300
600887 	1.000000	0.57819	hs300
600893 	1.000000	0.57819	hs300
600900 	-0.142753	0.57819	hs300
600998 	1.000000	0.57819	hs300
600999 	1.000000	0.57819	hs300
601006 	1.000000	0.57819	hs300
601009 	1.000000	0.57819	hs300
601018 	1.000000	0.57819	hs300
601088 	1.000000	0.57819	hs300
601098 	1.000000	0.57819	hs300
601111 	1.000000	0.57819	hs300
601117 	1.000000	0.57819	hs300
601118 	1.000000	0.57819	hs300
601158 	1.000000	0.57819	hs300
601166 	1.000000	0.57819	hs300
601168 	1.000000	0.57819	hs300
601169 	1.000000	0.57819	hs300
601179 	1.000000	0.57819	hs300
601186 	1.000000	0.57819	hs300
601216 	-1.000000	0.57819	hs300
601225 	1.000000	0.57819	hs300
601231 	-1.000000	0.57819	hs300
601258 	1.000000	0.57819	hs300
601288 	1.000000	0.57819	hs300
601318 	1.000000	0.57819	hs300
601328 	1.000000	0.57819	hs300
601333 	1.000000	0.57819	hs300
601336 	1.000000	0.57819	hs300
601377 	1.000000	0.57819	hs300
601390 	1.000000	0.57819	hs300
601398 	1.000000	0.57819	hs300
601555 	1.000000	0.57819	hs300
601600 	1.000000	0.57819	hs300
601601 	1.000000	0.57819	hs300
601607 	1.000000	0.57819	hs300
601618 	1.000000	0.57819	hs300
601628 	1.000000	0.57819	hs300
601633 	-1.000000	0.57819	hs300
601668 	1.000000	0.57819	hs300
601669 	1.000000	0.57819	hs300
601688 	1.000000	0.57819	hs300
601699 	1.000000	0.57819	hs300
601727 	1.000000	0.57819	hs300
601766 	1.000000	0.57819	hs300
601800 	1.000000	0.57819	hs300
601808 	1.000000	0.57819	hs300
601818 	1.000000	0.57819	hs300
601857 	1.000000	0.57819	hs300
601866 	-1.000000	0.57819	hs300
601888 	1.000000	0.57819	hs300
601898 	1.000000	0.57819	hs300
601899 	1.000000	0.57819	hs300
601901 	1.000000	0.57819	hs300
601928 	1.000000	0.57819	hs300
601929 	1.000000	0.57819	hs300
601933 	1.000000	0.57819	hs300
601939 	-1.000000	0.57819	hs300
601958 	1.000000	0.57819	hs300
601988 	1.000000	0.57819	hs300
601989 	1.000000	0.57819	hs300
601992 	1.000000	0.57819	hs300
601998 	1.000000	0.57819	hs300
603000 	1.000000	0.57819	hs300
603288 	1.000000	0.57819	hs300
603993 	1.000000	0.57819	hs300
