600000 	-0.355080
600010 	-1.000000
600015 	-1.000000
600016 	-0.895727
600018 	-1.000000
600028 	-1.000000
600030 	-1.000000
600036 	-0.532373
600048 	-1.000000
600050 	-1.000000
600089 	-1.000000
600104 	-1.000000
600109 	-1.000000
600111 	-1.000000
600150 	-1.000000
600256 	-1.000000
600406 	-1.000000
600518 	-1.000000
600519 	-1.000000
600583 	-1.000000
600585 	-0.369298
600637 	-1.000000
600690 	-0.889545
600837 	-1.000000
600887 	-1.000000
600893 	-1.000000
600958 	-1.000000
600999 	-1.000000
601006 	-1.000000
601088 	-1.000000
601166 	-1.000000
601169 	-0.470570
601186 	-1.000000
601288 	-1.000000
601318 	-1.000000
601328 	0.082919
601390 	-1.000000
601398 	-0.904663
601601 	-1.000000
601628 	-1.000000
601668 	-1.000000
601688 	-1.000000
601766 	0.104624
601800 	1.000000
601818 	-0.041298
601857 	-0.191760
601901 	-1.000000
601988 	-1.000000
601989 	-1.000000
601998 	-1.000000
