600000 	1.000000	0.54618	sz50
600010 	1.000000	0.54618	sz50
600015 	1.000000	0.54618	sz50
600016 	1.000000	0.54618	sz50
600018 	1.000000	0.54618	sz50
600028 	1.000000	0.54618	sz50
600030 	1.000000	0.54618	sz50
600036 	1.000000	0.54618	sz50
600048 	1.000000	0.54618	sz50
600050 	1.000000	0.54618	sz50
600089 	1.000000	0.54618	sz50
600104 	-1.000000	0.54618	sz50
600109 	1.000000	0.54618	sz50
600111 	1.000000	0.54618	sz50
600150 	1.000000	0.54618	sz50
600256 	1.000000	0.54618	sz50
600406 	1.000000	0.54618	sz50
600518 	1.000000	0.54618	sz50
600519 	1.000000	0.54618	sz50
600583 	1.000000	0.54618	sz50
600585 	1.000000	0.54618	sz50
600637 	1.000000	0.54618	sz50
600690 	1.000000	0.54618	sz50
600837 	1.000000	0.54618	sz50
600887 	1.000000	0.54618	sz50
600893 	1.000000	0.54618	sz50
600958 	1.000000	0.54618	sz50
600999 	1.000000	0.54618	sz50
601006 	1.000000	0.54618	sz50
601088 	-0.183458	0.54618	sz50
601166 	1.000000	0.54618	sz50
601169 	1.000000	0.54618	sz50
601186 	1.000000	0.54618	sz50
601288 	1.000000	0.54618	sz50
601318 	1.000000	0.54618	sz50
601328 	1.000000	0.54618	sz50
601390 	1.000000	0.54618	sz50
601398 	1.000000	0.54618	sz50
601601 	1.000000	0.54618	sz50
601628 	1.000000	0.54618	sz50
601668 	1.000000	0.54618	sz50
601688 	1.000000	0.54618	sz50
601766 	1.000000	0.54618	sz50
601800 	1.000000	0.54618	sz50
601818 	1.000000	0.54618	sz50
601857 	1.000000	0.54618	sz50
601901 	-0.545602	0.54618	sz50
601988 	1.000000	0.54618	sz50
601989 	-0.339620	0.54618	sz50
601998 	1.000000	0.54618	sz50
