600000 	-0.039429
600010 	-0.041591
600015 	-0.009082
600016 	-0.044609
600018 	-0.016821
600028 	-0.057876
600030 	-0.032675
600036 	-0.046883
600048 	-0.042646
600050 	0.004914
600089 	-0.038470
600104 	-0.037504
600109 	-0.024977
600111 	-0.015922
600150 	-0.037456
600256 	-0.029716
600406 	-0.018267
600518 	-0.046754
600519 	-0.000551
600583 	-0.036585
600585 	-0.003296
600637 	-0.011895
600690 	-0.054991
600837 	-0.051828
600887 	-0.037695
600893 	-0.043367
600958 	-0.005135
600999 	-0.052918
601006 	-0.051706
601088 	-0.038917
601166 	-0.039687
601169 	-0.024328
601186 	-0.035193
601288 	-0.024937
601318 	-0.038603
601328 	-0.009129
601390 	-0.002123
601398 	-0.008936
601601 	-0.050442
601628 	-0.020669
601668 	-0.031499
601688 	-0.037812
601766 	0.022074
601800 	-0.033382
601818 	-0.030599
601857 	-0.020015
601901 	-0.029077
601988 	-0.005662
601989 	-0.051397
601998 	-0.044839
