000006 	-0.020300
000012 	-0.023372
000021 	-0.020944
000028 	-0.035854
000030 	-0.029657
000031 	-0.028381
000049 	-0.017545
000062 	-0.033271
000066 	0.011535
000078 	-0.013759
000088 	-0.036212
000090 	-0.025539
000099 	-0.027899
000401 	-0.023516
000415 	-0.022612
000417 	-0.020648
000418 	-0.023490
000422 	0.068137
000426 	-0.035589
000488 	-0.025513
000501 	-0.030412
000511 	-0.045187
000513 	-0.027520
000519 	0.009497
000525 	-0.031197
000528 	-0.026953
000540 	-0.036271
000541 	-0.027858
000543 	0.018985
000547 	-0.023971
000550 	-0.025296
000552 	-0.027428
000563 	-0.030568
000566 	0.009221
000572 	-0.031876
000582 	-0.033933
000587 	-0.016452
000592 	-0.009335
000596 	-0.042475
000600 	-0.038376
000603 	-0.033421
000612 	0.029239
000616 	-0.033564
000620 	-0.048462
000631 	-0.032888
000636 	-0.028381
000650 	0.016151
000652 	-0.033217
000656 	-0.022717
000661 	-0.012546
000667 	-0.039642
000671 	-0.020089
000680 	-0.029325
000681 	-0.013791
000685 	-0.026445
000688 	0.016290
000690 	-0.023172
000693 	-0.034395
000703 	-0.026806
000718 	-0.041382
000719 	-0.025486
000726 	-0.033921
000732 	-0.000939
000735 	-0.026228
000748 	0.015796
000758 	-0.029654
000762 	-0.033189
000777 	-0.019549
000780 	-0.042355
000816 	-0.023163
000823 	-0.026531
000829 	-0.012968
000830 	-0.025573
000848 	-0.025023
000852 	-0.032543
000860 	-0.025323
000861 	-0.121639
000869 	-0.114949
000877 	-0.035226
000887 	-0.021863
000897 	-0.031971
000900 	-0.026274
000919 	-0.019636
000921 	-0.031096
000926 	-0.021789
000930 	-0.048204
000931 	-0.026491
000933 	-0.044586
000939 	-0.020403
000951 	-0.041587
000961 	-0.013532
000962 	-0.032248
000969 	-0.014046
000973 	-0.036425
000975 	-0.026518
000988 	-0.029287
000997 	-0.034001
000998 	-0.025602
001696 	-0.018559
002004 	-0.025155
002005 	-0.023019
002011 	-0.022384
002013 	-0.027707
002018 	0.007609
002022 	-0.026709
002025 	-0.031719
002028 	-0.030318
002029 	-0.019566
002030 	-0.019225
002041 	-0.028441
002048 	-0.021638
002049 	-0.018603
002050 	0.065944
002056 	-0.022380
002063 	-0.022013
002064 	-0.029223
002073 	-0.033032
002078 	-0.031758
002092 	-0.023605
002093 	-0.017905
002118 	-0.026845
002122 	-0.041912
002128 	-0.043787
002140 	-0.020074
002143 	-0.048381
002155 	-0.025047
002161 	-0.017632
002168 	-0.029195
002174 	-0.008145
002179 	-0.019139
002181 	-0.041573
002190 	0.053370
002191 	0.011174
002194 	-0.000849
002195 	-0.018070
002204 	-0.029544
002216 	-0.023879
002219 	-0.033181
002221 	-0.018020
002223 	0.004834
002225 	-0.025731
002233 	-0.029916
002237 	-0.028977
002238 	-0.025753
002240 	-0.023846
002242 	0.006716
002244 	-0.024034
002249 	0.029696
002250 	-0.021857
002251 	-0.009835
002254 	-0.020468
002266 	-0.024743
002267 	-0.027556
002271 	-0.028965
002273 	-0.023338
002275 	-0.024108
002276 	-0.030009
002277 	-0.032461
002281 	-0.025655
002285 	-0.030477
002293 	-0.023066
002299 	-0.034869
002308 	0.016411
002309 	0.019021
002311 	-0.022072
002315 	-0.019774
002317 	-0.032173
002325 	0.018854
002327 	-0.029493
002332 	-0.008386
002340 	-0.030111
002342 	0.071788
002358 	-0.026601
002371 	-0.018878
002373 	-0.011293
002384 	-0.025621
002390 	-0.038280
002392 	-0.026207
002393 	-0.021759
002396 	0.014105
002400 	-0.011574
002405 	0.028501
002408 	0.035948
002419 	-0.022899
002424 	-0.019633
002428 	-0.043301
002430 	-0.026629
002431 	-0.012116
002437 	-0.011150
002440 	-0.030129
002444 	-0.024538
002461 	0.019395
002463 	-0.034074
002466 	-0.026880
002477 	-0.013702
002479 	-0.021756
002480 	-0.020288
002482 	-0.018085
002489 	-0.023431
002490 	-0.030648
002503 	-0.041444
002508 	-0.030254
002551 	-0.029732
002557 	0.055828
002573 	-0.024792
002574 	0.011747
002588 	0.027832
002595 	-0.028570
002635 	-0.041492
002642 	-0.012924
002646 	-0.024171
002648 	-0.022438
002663 	-0.020372
002665 	-0.031559
002672 	-0.029733
002678 	-0.031022
002681 	-0.013741
002698 	-0.030542
002701 	-0.008537
002705 	-0.023488
300033 	-0.026158
300039 	-0.016238
300043 	-0.023119
300072 	-0.020960
300088 	-0.021088
300115 	0.023597
300134 	-0.013687
300144 	0.016156
300147 	-0.044626
300199 	0.007312
300202 	-0.024088
300244 	-0.041084
300253 	-0.024133
300267 	-0.029222
300273 	-0.030361
300274 	-0.014512
300291 	-0.015421
600004 	-0.021548
600006 	-0.033009
600017 	-0.023791
600021 	-0.030957
600026 	-0.033041
600037 	-0.120819
600039 	0.022970
600056 	-0.040738
600058 	-0.028266
600059 	-0.037548
600062 	-0.022795
600064 	-0.017856
600067 	0.022325
600073 	-0.017568
600079 	-0.022866
600086 	-0.032060
600088 	-0.017355
600110 	-0.064435
600112 	-0.018016
600120 	-0.022793
600122 	-0.016672
600125 	-0.029573
600132 	-0.034637
600138 	-0.021846
600141 	-0.031584
600143 	-0.024983
600151 	-0.054305
600158 	-0.035806
600160 	-0.035210
600161 	-0.021469
600169 	-0.033736
600171 	-0.017757
600175 	-0.032999
600176 	-0.037308
600180 	-0.033269
600183 	-0.019367
600184 	-0.028251
600187 	-0.056091
600195 	-0.039975
600198 	-0.025592
600199 	-0.028798
600200 	-0.022103
600201 	-0.025516
600216 	-0.026699
600219 	-0.024298
600220 	-0.031415
600240 	-0.019088
600251 	-0.033862
600259 	-0.029111
600260 	-0.024858
600261 	-0.023508
600267 	-0.019496
600270 	-0.024866
600280 	0.050612
600284 	-0.026376
600289 	-0.019721
600292 	-0.021002
600298 	-0.024163
600300 	-0.046332
600312 	0.105745
600320 	-0.028521
600325 	-0.009631
600329 	0.024219
600335 	0.003946
600337 	-0.023884
600351 	-0.015734
600376 	-0.012757
600380 	0.023247
600387 	0.019021
600389 	-0.015179
600392 	-0.020100
600395 	0.012198
600397 	-0.034365
600403 	-0.036007
600409 	-0.036717
600418 	-0.036840
600422 	-0.008720
600425 	-0.033598
600426 	-0.042646
600428 	-0.042991
600429 	-0.026811
600433 	-0.033743
600435 	-0.029611
600436 	0.020372
600446 	-0.012707
600456 	-0.029108
600458 	-0.040180
600460 	-0.033366
600468 	-0.106003
600478 	-0.020060
600481 	-0.018905
600487 	-0.032047
600488 	-0.026763
600496 	-0.022317
600498 	-0.024872
600499 	0.022707
600500 	-0.037162
600507 	-0.028600
600509 	-0.030063
600510 	-0.024047
600511 	-0.038497
600517 	-0.030016
600521 	-0.039712
600522 	-0.014062
600525 	-0.019622
600528 	-0.038106
600536 	-0.017684
600537 	-0.031392
600545 	0.063985
600546 	-0.040238
600551 	-0.022382
600557 	-0.026000
600563 	-0.022261
600566 	-0.027640
600572 	0.061896
600580 	-0.025207
600584 	0.074128
600586 	-0.029894
600594 	-0.026294
600596 	-0.028951
600601 	-0.021691
600611 	-0.029845
600614 	0.021427
600617 	-0.028146
600618 	-0.037749
600628 	-0.025730
600635 	-0.019011
600636 	-0.030549
600639 	-0.027067
600640 	-0.039520
600643 	-0.026430
600651 	-0.044853
600654 	-0.011886
600655 	-0.024754
600657 	-0.020838
600664 	-0.030020
600673 	-0.035705
600675 	0.044770
600685 	-0.033089
600694 	0.020564
600699 	-0.015785
600702 	-0.031345
600704 	-0.019192
600720 	-0.028034
600729 	0.007206
600736 	-0.027321
600737 	-0.045671
600743 	-0.024293
600747 	0.017908
600748 	-0.027983
600750 	-0.030851
600754 	-0.019051
600755 	-0.030774
600757 	-0.025368
600759 	-0.016625
600761 	-0.026326
600765 	-0.016885
600770 	-0.026154
600773 	-0.030685
600776 	0.043999
600780 	-0.034884
600787 	-0.040177
600797 	-0.013864
600801 	-0.027642
600803 	-0.016332
600805 	-0.032406
600808 	-0.054869
600811 	-0.026841
600812 	-0.031390
600816 	-0.029571
600823 	-0.036389
600825 	-0.029746
600826 	-0.022266
600831 	-0.049519
600835 	-0.017441
600850 	-0.008587
600851 	-0.007609
600859 	-0.018763
600864 	-0.022236
600874 	-0.023076
600880 	-0.031151
600881 	-0.062212
600884 	0.031538
600885 	-0.023953
600894 	-0.016712
600895 	0.070061
600917 	-0.028678
600970 	-0.017139
600971 	-0.031541
600978 	0.001534
600983 	-0.032901
600993 	-0.018941
600997 	-0.034135
601000 	-0.030155
601001 	-0.030774
601002 	-0.032565
601005 	-0.031806
601010 	-0.029485
601012 	-0.017469
601101 	-0.035962
601126 	-0.030748
601139 	-0.029631
601208 	-0.024394
601226 	-0.019936
601233 	-0.019060
601311 	0.009010
601369 	0.019633
601515 	-0.028368
601608 	0.012237
601666 	0.015862
601678 	-0.028811
601717 	-0.024556
601718 	-0.007442
601777 	-0.028070
601801 	-0.033238
601880 	-0.024038
601886 	-0.030909
601908 	-0.030745
601965 	-0.026990
601999 	-0.025785
603001 	-0.043151
603005 	-0.028183
603019 	-0.006524
603077 	-0.036614
603169 	-0.013070
603188 	-0.019590
603328 	-0.007499
603366 	-0.021562
603369 	-0.025826
603555 	-0.019242
603698 	-0.022342
603699 	-0.018039
603766 	-0.021586
603899 	-0.018366
