000006 	1.000000
000012 	1.000000
000021 	1.000000
000028 	1.000000
000030 	1.000000
000031 	1.000000
000049 	1.000000
000062 	1.000000
000066 	1.000000
000078 	1.000000
000088 	1.000000
000090 	1.000000
000099 	1.000000
000401 	1.000000
000415 	1.000000
000417 	1.000000
000418 	1.000000
000422 	1.000000
000426 	1.000000
000488 	1.000000
000501 	1.000000
000511 	1.000000
000513 	1.000000
000519 	0.607670
000525 	1.000000
000528 	1.000000
000540 	1.000000
000541 	1.000000
000543 	0.056364
000547 	1.000000
000550 	1.000000
000552 	1.000000
000563 	1.000000
000566 	1.000000
000572 	1.000000
000582 	1.000000
000587 	1.000000
000592 	1.000000
000596 	1.000000
000600 	1.000000
000603 	1.000000
000612 	1.000000
000616 	1.000000
000620 	1.000000
000631 	1.000000
000636 	1.000000
000650 	0.486889
000652 	1.000000
000656 	1.000000
000661 	1.000000
000667 	1.000000
000671 	1.000000
000680 	1.000000
000681 	1.000000
000685 	1.000000
000688 	-0.073691
000690 	1.000000
000693 	1.000000
000703 	1.000000
000718 	1.000000
000719 	1.000000
000726 	1.000000
000732 	0.724770
000735 	1.000000
000748 	1.000000
000758 	1.000000
000762 	1.000000
000777 	1.000000
000780 	1.000000
000816 	1.000000
000823 	1.000000
000829 	1.000000
000830 	1.000000
000848 	1.000000
000852 	1.000000
000860 	1.000000
000861 	1.000000
000869 	1.000000
000877 	1.000000
000887 	1.000000
000897 	1.000000
000900 	1.000000
000919 	1.000000
000921 	1.000000
000926 	1.000000
000930 	1.000000
000931 	1.000000
000933 	1.000000
000939 	1.000000
000951 	1.000000
000961 	1.000000
000962 	1.000000
000969 	1.000000
000973 	1.000000
000975 	1.000000
000988 	1.000000
000997 	1.000000
000998 	1.000000
001696 	1.000000
002004 	1.000000
002005 	1.000000
002011 	1.000000
002013 	1.000000
002018 	0.475562
002022 	1.000000
002025 	1.000000
002028 	1.000000
002029 	1.000000
002030 	1.000000
002041 	1.000000
002048 	1.000000
002049 	1.000000
002050 	1.000000
002056 	1.000000
002063 	1.000000
002064 	1.000000
002073 	1.000000
002078 	1.000000
002092 	1.000000
002093 	1.000000
002118 	1.000000
002122 	1.000000
002128 	1.000000
002140 	1.000000
002143 	1.000000
002155 	1.000000
002161 	1.000000
002168 	1.000000
002174 	1.000000
002179 	1.000000
002181 	1.000000
002190 	1.000000
002191 	1.000000
002194 	1.000000
002195 	1.000000
002204 	1.000000
002216 	1.000000
002219 	1.000000
002221 	1.000000
002223 	0.607226
002225 	1.000000
002233 	1.000000
002237 	1.000000
002238 	1.000000
002240 	1.000000
002242 	0.092857
002244 	1.000000
002249 	1.000000
002250 	1.000000
002251 	1.000000
002254 	1.000000
002266 	1.000000
002267 	1.000000
002271 	1.000000
002273 	1.000000
002275 	1.000000
002276 	1.000000
002277 	1.000000
002281 	1.000000
002285 	1.000000
002293 	1.000000
002299 	1.000000
002308 	0.834483
002309 	0.151527
002311 	1.000000
002315 	1.000000
002317 	1.000000
002325 	0.151527
002327 	1.000000
002332 	1.000000
002340 	1.000000
002342 	1.000000
002358 	1.000000
002371 	1.000000
002373 	1.000000
002384 	1.000000
002390 	1.000000
002392 	1.000000
002393 	1.000000
002396 	1.000000
002400 	1.000000
002405 	0.228172
002408 	1.000000
002419 	1.000000
002424 	1.000000
002428 	1.000000
002430 	1.000000
002431 	1.000000
002437 	1.000000
002440 	1.000000
002444 	1.000000
002461 	0.151527
002463 	1.000000
002466 	1.000000
002477 	1.000000
002479 	1.000000
002480 	1.000000
002482 	1.000000
002489 	1.000000
002490 	1.000000
002503 	1.000000
002508 	1.000000
002551 	1.000000
002557 	1.000000
002573 	1.000000
002574 	0.151527
002588 	1.000000
002595 	0.725058
002635 	1.000000
002642 	1.000000
002646 	1.000000
002648 	1.000000
002663 	1.000000
002665 	1.000000
002672 	1.000000
002678 	1.000000
002681 	1.000000
002698 	1.000000
002701 	1.000000
002705 	1.000000
300033 	1.000000
300039 	1.000000
300043 	1.000000
300072 	1.000000
300088 	1.000000
300115 	1.000000
300134 	1.000000
300144 	1.000000
300147 	1.000000
300199 	-0.148647
300202 	1.000000
300244 	1.000000
300253 	1.000000
300267 	1.000000
300273 	1.000000
300274 	1.000000
300291 	1.000000
600004 	1.000000
600006 	1.000000
600017 	1.000000
600021 	1.000000
600026 	1.000000
600037 	1.000000
600039 	1.000000
600056 	1.000000
600058 	1.000000
600059 	1.000000
600062 	1.000000
600064 	1.000000
600067 	1.000000
600073 	1.000000
600079 	1.000000
600086 	1.000000
600088 	1.000000
600110 	-0.320548
600112 	1.000000
600120 	1.000000
600122 	1.000000
600125 	1.000000
600132 	1.000000
600138 	1.000000
600141 	1.000000
600143 	1.000000
600151 	1.000000
600158 	1.000000
600160 	1.000000
600161 	1.000000
600169 	1.000000
600171 	1.000000
600175 	1.000000
600176 	1.000000
600180 	1.000000
600183 	1.000000
600184 	1.000000
600187 	1.000000
600195 	1.000000
600198 	1.000000
600199 	1.000000
600200 	1.000000
600201 	1.000000
600216 	1.000000
600219 	1.000000
600220 	1.000000
600240 	1.000000
600251 	1.000000
600259 	1.000000
600260 	1.000000
600261 	1.000000
600267 	1.000000
600270 	1.000000
600280 	1.000000
600284 	1.000000
600289 	1.000000
600292 	1.000000
600298 	1.000000
600300 	1.000000
600312 	1.000000
600320 	1.000000
600325 	1.000000
600329 	1.000000
600335 	0.161822
600337 	1.000000
600351 	1.000000
600376 	1.000000
600380 	1.000000
600387 	0.151527
600389 	1.000000
600392 	1.000000
600395 	-0.798456
600397 	1.000000
600403 	1.000000
600409 	1.000000
600418 	1.000000
600422 	1.000000
600425 	1.000000
600426 	1.000000
600428 	1.000000
600429 	1.000000
600433 	1.000000
600435 	1.000000
600436 	1.000000
600446 	1.000000
600456 	1.000000
600458 	1.000000
600460 	1.000000
600468 	1.000000
600478 	1.000000
600481 	1.000000
600487 	1.000000
600488 	1.000000
600496 	1.000000
600498 	1.000000
600499 	-0.078683
600500 	1.000000
600507 	1.000000
600509 	1.000000
600510 	1.000000
600511 	1.000000
600517 	1.000000
600521 	1.000000
600522 	1.000000
600525 	1.000000
600528 	1.000000
600536 	1.000000
600537 	1.000000
600545 	1.000000
600546 	1.000000
600551 	1.000000
600557 	1.000000
600563 	1.000000
600566 	1.000000
600572 	1.000000
600580 	1.000000
600584 	1.000000
600586 	1.000000
600594 	1.000000
600596 	1.000000
600601 	1.000000
600611 	1.000000
600614 	1.000000
600617 	1.000000
600618 	1.000000
600628 	1.000000
600635 	1.000000
600636 	1.000000
600639 	1.000000
600640 	1.000000
600643 	1.000000
600651 	1.000000
600654 	1.000000
600655 	1.000000
600657 	1.000000
600664 	1.000000
600673 	1.000000
600675 	1.000000
600685 	1.000000
600694 	1.000000
600699 	1.000000
600702 	1.000000
600704 	1.000000
600720 	1.000000
600729 	1.000000
600736 	1.000000
600737 	1.000000
600743 	1.000000
600747 	1.000000
600748 	1.000000
600750 	1.000000
600754 	1.000000
600755 	1.000000
600757 	1.000000
600759 	1.000000
600761 	1.000000
600765 	1.000000
600770 	1.000000
600773 	1.000000
600776 	1.000000
600780 	1.000000
600787 	1.000000
600797 	1.000000
600801 	1.000000
600803 	1.000000
600805 	1.000000
600808 	1.000000
600811 	1.000000
600812 	1.000000
600816 	1.000000
600823 	1.000000
600825 	1.000000
600826 	1.000000
600831 	1.000000
600835 	1.000000
600850 	1.000000
600851 	1.000000
600859 	1.000000
600864 	1.000000
600874 	1.000000
600880 	1.000000
600881 	1.000000
600884 	1.000000
600885 	1.000000
600894 	1.000000
600895 	1.000000
600917 	1.000000
600970 	1.000000
600971 	1.000000
600978 	0.701103
600983 	1.000000
600993 	1.000000
600997 	1.000000
601000 	1.000000
601001 	1.000000
601002 	1.000000
601005 	1.000000
601010 	1.000000
601012 	1.000000
601101 	1.000000
601126 	1.000000
601139 	1.000000
601208 	1.000000
601226 	1.000000
601233 	1.000000
601311 	0.905486
601369 	1.000000
601515 	1.000000
601608 	1.000000
601666 	0.727893
601678 	1.000000
601717 	1.000000
601718 	0.414843
601777 	1.000000
601801 	1.000000
601880 	1.000000
601886 	1.000000
601908 	1.000000
601965 	1.000000
601999 	1.000000
603001 	1.000000
603005 	1.000000
603019 	1.000000
603077 	1.000000
603169 	1.000000
603188 	1.000000
603328 	1.000000
603366 	1.000000
603369 	1.000000
603555 	1.000000
603698 	1.000000
603699 	1.000000
603766 	1.000000
603899 	1.000000
