000006 	1.000000	0.86159	zz500
000012 	1.000000	0.86159	zz500
000021 	1.000000	0.86159	zz500
000028 	1.000000	0.86159	zz500
000030 	1.000000	0.86159	zz500
000031 	1.000000	0.86159	zz500
000049 	1.000000	0.86159	zz500
000062 	1.000000	0.86159	zz500
000066 	1.000000	0.86159	zz500
000078 	1.000000	0.86159	zz500
000088 	1.000000	0.86159	zz500
000090 	1.000000	0.86159	zz500
000099 	1.000000	0.86159	zz500
000401 	1.000000	0.86159	zz500
000415 	1.000000	0.86159	zz500
000417 	1.000000	0.86159	zz500
000418 	1.000000	0.86159	zz500
000422 	1.000000	0.86159	zz500
000426 	1.000000	0.86159	zz500
000488 	1.000000	0.86159	zz500
000501 	1.000000	0.86159	zz500
000511 	1.000000	0.86159	zz500
000513 	1.000000	0.86159	zz500
000519 	0.607670	0.86159	zz500
000525 	1.000000	0.86159	zz500
000528 	1.000000	0.86159	zz500
000540 	1.000000	0.86159	zz500
000541 	1.000000	0.86159	zz500
000543 	0.056364	0.86159	zz500
000547 	1.000000	0.86159	zz500
000550 	1.000000	0.86159	zz500
000552 	1.000000	0.86159	zz500
000563 	1.000000	0.86159	zz500
000566 	1.000000	0.86159	zz500
000572 	1.000000	0.86159	zz500
000582 	1.000000	0.86159	zz500
000587 	1.000000	0.86159	zz500
000592 	1.000000	0.86159	zz500
000596 	1.000000	0.86159	zz500
000600 	1.000000	0.86159	zz500
000603 	1.000000	0.86159	zz500
000612 	1.000000	0.86159	zz500
000616 	1.000000	0.86159	zz500
000620 	1.000000	0.86159	zz500
000631 	1.000000	0.86159	zz500
000636 	1.000000	0.86159	zz500
000650 	0.486889	0.86159	zz500
000652 	1.000000	0.86159	zz500
000656 	1.000000	0.86159	zz500
000661 	1.000000	0.86159	zz500
000667 	1.000000	0.86159	zz500
000671 	1.000000	0.86159	zz500
000680 	1.000000	0.86159	zz500
000681 	1.000000	0.86159	zz500
000685 	1.000000	0.86159	zz500
000688 	-0.073691	0.86159	zz500
000690 	1.000000	0.86159	zz500
000693 	1.000000	0.86159	zz500
000703 	1.000000	0.86159	zz500
000718 	1.000000	0.86159	zz500
000719 	1.000000	0.86159	zz500
000726 	1.000000	0.86159	zz500
000732 	0.724770	0.86159	zz500
000735 	1.000000	0.86159	zz500
000748 	1.000000	0.86159	zz500
000758 	1.000000	0.86159	zz500
000762 	1.000000	0.86159	zz500
000777 	1.000000	0.86159	zz500
000780 	1.000000	0.86159	zz500
000816 	1.000000	0.86159	zz500
000823 	1.000000	0.86159	zz500
000829 	1.000000	0.86159	zz500
000830 	1.000000	0.86159	zz500
000848 	1.000000	0.86159	zz500
000852 	1.000000	0.86159	zz500
000860 	1.000000	0.86159	zz500
000861 	1.000000	0.86159	zz500
000869 	1.000000	0.86159	zz500
000877 	1.000000	0.86159	zz500
000887 	1.000000	0.86159	zz500
000897 	1.000000	0.86159	zz500
000900 	1.000000	0.86159	zz500
000919 	1.000000	0.86159	zz500
000921 	1.000000	0.86159	zz500
000926 	1.000000	0.86159	zz500
000930 	1.000000	0.86159	zz500
000931 	1.000000	0.86159	zz500
000933 	1.000000	0.86159	zz500
000939 	1.000000	0.86159	zz500
000951 	1.000000	0.86159	zz500
000961 	1.000000	0.86159	zz500
000962 	1.000000	0.86159	zz500
000969 	1.000000	0.86159	zz500
000973 	1.000000	0.86159	zz500
000975 	1.000000	0.86159	zz500
000988 	1.000000	0.86159	zz500
000997 	1.000000	0.86159	zz500
000998 	1.000000	0.86159	zz500
001696 	1.000000	0.86159	zz500
002004 	1.000000	0.86159	zz500
002005 	1.000000	0.86159	zz500
002011 	1.000000	0.86159	zz500
002013 	1.000000	0.86159	zz500
002018 	0.475562	0.86159	zz500
002022 	1.000000	0.86159	zz500
002025 	1.000000	0.86159	zz500
002028 	1.000000	0.86159	zz500
002029 	1.000000	0.86159	zz500
002030 	1.000000	0.86159	zz500
002041 	1.000000	0.86159	zz500
002048 	1.000000	0.86159	zz500
002049 	1.000000	0.86159	zz500
002050 	1.000000	0.86159	zz500
002056 	1.000000	0.86159	zz500
002063 	1.000000	0.86159	zz500
002064 	1.000000	0.86159	zz500
002073 	1.000000	0.86159	zz500
002078 	1.000000	0.86159	zz500
002092 	1.000000	0.86159	zz500
002093 	1.000000	0.86159	zz500
002118 	1.000000	0.86159	zz500
002122 	1.000000	0.86159	zz500
002128 	1.000000	0.86159	zz500
002140 	1.000000	0.86159	zz500
002143 	1.000000	0.86159	zz500
002155 	1.000000	0.86159	zz500
002161 	1.000000	0.86159	zz500
002168 	1.000000	0.86159	zz500
002174 	1.000000	0.86159	zz500
002179 	1.000000	0.86159	zz500
002181 	1.000000	0.86159	zz500
002190 	1.000000	0.86159	zz500
002191 	1.000000	0.86159	zz500
002194 	1.000000	0.86159	zz500
002195 	1.000000	0.86159	zz500
002204 	1.000000	0.86159	zz500
002216 	1.000000	0.86159	zz500
002219 	1.000000	0.86159	zz500
002221 	1.000000	0.86159	zz500
002223 	0.607226	0.86159	zz500
002225 	1.000000	0.86159	zz500
002233 	1.000000	0.86159	zz500
002237 	1.000000	0.86159	zz500
002238 	1.000000	0.86159	zz500
002240 	1.000000	0.86159	zz500
002242 	0.092857	0.86159	zz500
002244 	1.000000	0.86159	zz500
002249 	1.000000	0.86159	zz500
002250 	1.000000	0.86159	zz500
002251 	1.000000	0.86159	zz500
002254 	1.000000	0.86159	zz500
002266 	1.000000	0.86159	zz500
002267 	1.000000	0.86159	zz500
002271 	1.000000	0.86159	zz500
002273 	1.000000	0.86159	zz500
002275 	1.000000	0.86159	zz500
002276 	1.000000	0.86159	zz500
002277 	1.000000	0.86159	zz500
002281 	1.000000	0.86159	zz500
002285 	1.000000	0.86159	zz500
002293 	1.000000	0.86159	zz500
002299 	1.000000	0.86159	zz500
002308 	0.834483	0.86159	zz500
002309 	0.151527	0.86159	zz500
002311 	1.000000	0.86159	zz500
002315 	1.000000	0.86159	zz500
002317 	1.000000	0.86159	zz500
002325 	0.151527	0.86159	zz500
002327 	1.000000	0.86159	zz500
002332 	1.000000	0.86159	zz500
002340 	1.000000	0.86159	zz500
002342 	1.000000	0.86159	zz500
002358 	1.000000	0.86159	zz500
002371 	1.000000	0.86159	zz500
002373 	1.000000	0.86159	zz500
002384 	1.000000	0.86159	zz500
002390 	1.000000	0.86159	zz500
002392 	1.000000	0.86159	zz500
002393 	1.000000	0.86159	zz500
002396 	1.000000	0.86159	zz500
002400 	1.000000	0.86159	zz500
002405 	0.228172	0.86159	zz500
002408 	1.000000	0.86159	zz500
002419 	1.000000	0.86159	zz500
002424 	1.000000	0.86159	zz500
002428 	1.000000	0.86159	zz500
002430 	1.000000	0.86159	zz500
002431 	1.000000	0.86159	zz500
002437 	1.000000	0.86159	zz500
002440 	1.000000	0.86159	zz500
002444 	1.000000	0.86159	zz500
002461 	0.151527	0.86159	zz500
002463 	1.000000	0.86159	zz500
002466 	1.000000	0.86159	zz500
002477 	1.000000	0.86159	zz500
002479 	1.000000	0.86159	zz500
002480 	1.000000	0.86159	zz500
002482 	1.000000	0.86159	zz500
002489 	1.000000	0.86159	zz500
002490 	1.000000	0.86159	zz500
002503 	1.000000	0.86159	zz500
002508 	1.000000	0.86159	zz500
002551 	1.000000	0.86159	zz500
002557 	1.000000	0.86159	zz500
002573 	1.000000	0.86159	zz500
002574 	0.151527	0.86159	zz500
002588 	1.000000	0.86159	zz500
002595 	0.725058	0.86159	zz500
002635 	1.000000	0.86159	zz500
002642 	1.000000	0.86159	zz500
002646 	1.000000	0.86159	zz500
002648 	1.000000	0.86159	zz500
002663 	1.000000	0.86159	zz500
002665 	1.000000	0.86159	zz500
002672 	1.000000	0.86159	zz500
002678 	1.000000	0.86159	zz500
002681 	1.000000	0.86159	zz500
002698 	1.000000	0.86159	zz500
002701 	1.000000	0.86159	zz500
002705 	1.000000	0.86159	zz500
300033 	1.000000	0.86159	zz500
300039 	1.000000	0.86159	zz500
300043 	1.000000	0.86159	zz500
300072 	1.000000	0.86159	zz500
300088 	1.000000	0.86159	zz500
300115 	1.000000	0.86159	zz500
300134 	1.000000	0.86159	zz500
300144 	1.000000	0.86159	zz500
300147 	1.000000	0.86159	zz500
300199 	-0.148647	0.86159	zz500
300202 	1.000000	0.86159	zz500
300244 	1.000000	0.86159	zz500
300253 	1.000000	0.86159	zz500
300267 	1.000000	0.86159	zz500
300273 	1.000000	0.86159	zz500
300274 	1.000000	0.86159	zz500
300291 	1.000000	0.86159	zz500
600004 	1.000000	0.86159	zz500
600006 	1.000000	0.86159	zz500
600017 	1.000000	0.86159	zz500
600021 	1.000000	0.86159	zz500
600026 	1.000000	0.86159	zz500
600037 	1.000000	0.86159	zz500
600039 	1.000000	0.86159	zz500
600056 	1.000000	0.86159	zz500
600058 	1.000000	0.86159	zz500
600059 	1.000000	0.86159	zz500
600062 	1.000000	0.86159	zz500
600064 	1.000000	0.86159	zz500
600067 	1.000000	0.86159	zz500
600073 	1.000000	0.86159	zz500
600079 	1.000000	0.86159	zz500
600086 	1.000000	0.86159	zz500
600088 	1.000000	0.86159	zz500
600110 	-0.320548	0.86159	zz500
600112 	1.000000	0.86159	zz500
600120 	1.000000	0.86159	zz500
600122 	1.000000	0.86159	zz500
600125 	1.000000	0.86159	zz500
600132 	1.000000	0.86159	zz500
600138 	1.000000	0.86159	zz500
600141 	1.000000	0.86159	zz500
600143 	1.000000	0.86159	zz500
600151 	1.000000	0.86159	zz500
600158 	1.000000	0.86159	zz500
600160 	1.000000	0.86159	zz500
600161 	1.000000	0.86159	zz500
600169 	1.000000	0.86159	zz500
600171 	1.000000	0.86159	zz500
600175 	1.000000	0.86159	zz500
600176 	1.000000	0.86159	zz500
600180 	1.000000	0.86159	zz500
600183 	1.000000	0.86159	zz500
600184 	1.000000	0.86159	zz500
600187 	1.000000	0.86159	zz500
600195 	1.000000	0.86159	zz500
600198 	1.000000	0.86159	zz500
600199 	1.000000	0.86159	zz500
600200 	1.000000	0.86159	zz500
600201 	1.000000	0.86159	zz500
600216 	1.000000	0.86159	zz500
600219 	1.000000	0.86159	zz500
600220 	1.000000	0.86159	zz500
600240 	1.000000	0.86159	zz500
600251 	1.000000	0.86159	zz500
600259 	1.000000	0.86159	zz500
600260 	1.000000	0.86159	zz500
600261 	1.000000	0.86159	zz500
600267 	1.000000	0.86159	zz500
600270 	1.000000	0.86159	zz500
600280 	1.000000	0.86159	zz500
600284 	1.000000	0.86159	zz500
600289 	1.000000	0.86159	zz500
600292 	1.000000	0.86159	zz500
600298 	1.000000	0.86159	zz500
600300 	1.000000	0.86159	zz500
600312 	1.000000	0.86159	zz500
600320 	1.000000	0.86159	zz500
600325 	1.000000	0.86159	zz500
600329 	1.000000	0.86159	zz500
600335 	0.161822	0.86159	zz500
600337 	1.000000	0.86159	zz500
600351 	1.000000	0.86159	zz500
600376 	1.000000	0.86159	zz500
600380 	1.000000	0.86159	zz500
600387 	0.151527	0.86159	zz500
600389 	1.000000	0.86159	zz500
600392 	1.000000	0.86159	zz500
600395 	-0.798456	0.86159	zz500
600397 	1.000000	0.86159	zz500
600403 	1.000000	0.86159	zz500
600409 	1.000000	0.86159	zz500
600418 	1.000000	0.86159	zz500
600422 	1.000000	0.86159	zz500
600425 	1.000000	0.86159	zz500
600426 	1.000000	0.86159	zz500
600428 	1.000000	0.86159	zz500
600429 	1.000000	0.86159	zz500
600433 	1.000000	0.86159	zz500
600435 	1.000000	0.86159	zz500
600436 	1.000000	0.86159	zz500
600446 	1.000000	0.86159	zz500
600456 	1.000000	0.86159	zz500
600458 	1.000000	0.86159	zz500
600460 	1.000000	0.86159	zz500
600468 	1.000000	0.86159	zz500
600478 	1.000000	0.86159	zz500
600481 	1.000000	0.86159	zz500
600487 	1.000000	0.86159	zz500
600488 	1.000000	0.86159	zz500
600496 	1.000000	0.86159	zz500
600498 	1.000000	0.86159	zz500
600499 	-0.078683	0.86159	zz500
600500 	1.000000	0.86159	zz500
600507 	1.000000	0.86159	zz500
600509 	1.000000	0.86159	zz500
600510 	1.000000	0.86159	zz500
600511 	1.000000	0.86159	zz500
600517 	1.000000	0.86159	zz500
600521 	1.000000	0.86159	zz500
600522 	1.000000	0.86159	zz500
600525 	1.000000	0.86159	zz500
600528 	1.000000	0.86159	zz500
600536 	1.000000	0.86159	zz500
600537 	1.000000	0.86159	zz500
600545 	1.000000	0.86159	zz500
600546 	1.000000	0.86159	zz500
600551 	1.000000	0.86159	zz500
600557 	1.000000	0.86159	zz500
600563 	1.000000	0.86159	zz500
600566 	1.000000	0.86159	zz500
600572 	1.000000	0.86159	zz500
600580 	1.000000	0.86159	zz500
600584 	1.000000	0.86159	zz500
600586 	1.000000	0.86159	zz500
600594 	1.000000	0.86159	zz500
600596 	1.000000	0.86159	zz500
600601 	1.000000	0.86159	zz500
600611 	1.000000	0.86159	zz500
600614 	1.000000	0.86159	zz500
600617 	1.000000	0.86159	zz500
600618 	1.000000	0.86159	zz500
600628 	1.000000	0.86159	zz500
600635 	1.000000	0.86159	zz500
600636 	1.000000	0.86159	zz500
600639 	1.000000	0.86159	zz500
600640 	1.000000	0.86159	zz500
600643 	1.000000	0.86159	zz500
600651 	1.000000	0.86159	zz500
600654 	1.000000	0.86159	zz500
600655 	1.000000	0.86159	zz500
600657 	1.000000	0.86159	zz500
600664 	1.000000	0.86159	zz500
600673 	1.000000	0.86159	zz500
600675 	1.000000	0.86159	zz500
600685 	1.000000	0.86159	zz500
600694 	1.000000	0.86159	zz500
600699 	1.000000	0.86159	zz500
600702 	1.000000	0.86159	zz500
600704 	1.000000	0.86159	zz500
600720 	1.000000	0.86159	zz500
600729 	1.000000	0.86159	zz500
600736 	1.000000	0.86159	zz500
600737 	1.000000	0.86159	zz500
600743 	1.000000	0.86159	zz500
600747 	1.000000	0.86159	zz500
600748 	1.000000	0.86159	zz500
600750 	1.000000	0.86159	zz500
600754 	1.000000	0.86159	zz500
600755 	1.000000	0.86159	zz500
600757 	1.000000	0.86159	zz500
600759 	1.000000	0.86159	zz500
600761 	1.000000	0.86159	zz500
600765 	1.000000	0.86159	zz500
600770 	1.000000	0.86159	zz500
600773 	1.000000	0.86159	zz500
600776 	1.000000	0.86159	zz500
600780 	1.000000	0.86159	zz500
600787 	1.000000	0.86159	zz500
600797 	1.000000	0.86159	zz500
600801 	1.000000	0.86159	zz500
600803 	1.000000	0.86159	zz500
600805 	1.000000	0.86159	zz500
600808 	1.000000	0.86159	zz500
600811 	1.000000	0.86159	zz500
600812 	1.000000	0.86159	zz500
600816 	1.000000	0.86159	zz500
600823 	1.000000	0.86159	zz500
600825 	1.000000	0.86159	zz500
600826 	1.000000	0.86159	zz500
600831 	1.000000	0.86159	zz500
600835 	1.000000	0.86159	zz500
600850 	1.000000	0.86159	zz500
600851 	1.000000	0.86159	zz500
600859 	1.000000	0.86159	zz500
600864 	1.000000	0.86159	zz500
600874 	1.000000	0.86159	zz500
600880 	1.000000	0.86159	zz500
600881 	1.000000	0.86159	zz500
600884 	1.000000	0.86159	zz500
600885 	1.000000	0.86159	zz500
600894 	1.000000	0.86159	zz500
600895 	1.000000	0.86159	zz500
600917 	1.000000	0.86159	zz500
600970 	1.000000	0.86159	zz500
600971 	1.000000	0.86159	zz500
600978 	0.701103	0.86159	zz500
600983 	1.000000	0.86159	zz500
600993 	1.000000	0.86159	zz500
600997 	1.000000	0.86159	zz500
601000 	1.000000	0.86159	zz500
601001 	1.000000	0.86159	zz500
601002 	1.000000	0.86159	zz500
601005 	1.000000	0.86159	zz500
601010 	1.000000	0.86159	zz500
601012 	1.000000	0.86159	zz500
601101 	1.000000	0.86159	zz500
601126 	1.000000	0.86159	zz500
601139 	1.000000	0.86159	zz500
601208 	1.000000	0.86159	zz500
601226 	1.000000	0.86159	zz500
601233 	1.000000	0.86159	zz500
601311 	0.905486	0.86159	zz500
601369 	1.000000	0.86159	zz500
601515 	1.000000	0.86159	zz500
601608 	1.000000	0.86159	zz500
601666 	0.727893	0.86159	zz500
601678 	1.000000	0.86159	zz500
601717 	1.000000	0.86159	zz500
601718 	0.414843	0.86159	zz500
601777 	1.000000	0.86159	zz500
601801 	1.000000	0.86159	zz500
601880 	1.000000	0.86159	zz500
601886 	1.000000	0.86159	zz500
601908 	1.000000	0.86159	zz500
601965 	1.000000	0.86159	zz500
601999 	1.000000	0.86159	zz500
603001 	1.000000	0.86159	zz500
603005 	1.000000	0.86159	zz500
603019 	1.000000	0.86159	zz500
603077 	1.000000	0.86159	zz500
603169 	1.000000	0.86159	zz500
603188 	1.000000	0.86159	zz500
603328 	1.000000	0.86159	zz500
603366 	1.000000	0.86159	zz500
603369 	1.000000	0.86159	zz500
603555 	1.000000	0.86159	zz500
603698 	1.000000	0.86159	zz500
603699 	1.000000	0.86159	zz500
603766 	1.000000	0.86159	zz500
603899 	1.000000	0.86159	zz500
